2 0.34375 0.34765625 0.096875 0.10625
2 0.5296875 0.51171875 0.17578125 0.078125
2 0.8984375 0.2671875 0.06015625 0.05625
2 0.675 0.2734375 0.05546875 0.053125
2 0.5203125 0.2765625 0.06484375 0.053125
2 0.9171875 0.24296875 0.0296875 0.04609375
2 0.7171875 0.271875 0.0390625 0.0453125
2 0.99375 0.2703125 0.01015625 0.0421875
2 0.9359375 0.27890625 0.04609375 0.040625
2 0.8484375 0.275 0.03671875 0.03671875
2 0.6328125 0.2671875 0.021875 0.028125
2 0.76953125 0.28359375 0.1171875 0.02578125
2 0.6140625 0.278125 0.0484375 0.01796875
2 0.95234375 0.28203125 0.04453125 0.0171875
2 0.8890625 0.24765625 0.03125 0.015625