2 0.5234375 0.53515625 0.109375 0.096875
2 0.646875 0.459375 0.05703125 0.078125
2 0.81953125 0.4609375 0.07265625 0.07265625
2 0.578125 0.4625 0.0375 0.06796875
2 0.3859375 0.4296875 0.03515625 0.05625
2 0.26171875 0.4375 0.04453125 0.05234375
2 0.05546875 0.43515625 0.03203125 0.0515625
2 0.41875 0.428125 0.03671875 0.04453125
2 0.2890625 0.403125 0.0375 0.04453125
2 0.09375 0.42578125 0.0359375 0.04296875
2 0.84453125 0.43125 0.0375 0.0421875
2 0.86875 0.43828125 0.01875 0.03828125
2 0.23515625 0.4265625 0.028125 0.03671875
2 0.32890625 0.42890625 0.03125 0.0328125
2 0.13515625 0.425 0.01953125 0.03203125
2 0.690625 0.428125 0.02421875 0.0265625
2 0.56171875 0.42265625 0.0375 0.0375