1 0.81796875 0.65859375 0.20078125 0.1109375
1 0.578125 0.596875 0.2703125 0.1015625
1 0.178125 0.74921875 0.10859375 0.08046875
1 0.396875 0.640625 0.1890625 0.07890625
1 0.34296875 0.8265625 0.1265625 0.07265625
1 0.33984375 0.60625 0.2328125 0.0671875
1 0.290625 0.7328125 0.10859375 0.06015625
1 0.71875 0.478125 0.15234375 0.0515625
1 0.95625 0.53203125 0.07421875 0.040625
1 0.8640625 0.340625 0.08828125 0.0359375
1 0.05390625 0.65625 0.1078125 0.0328125
1 0.95 0.69296875 0.084375 0.02890625
1 0.17109375 0.675 0.1625 0.04765625