4 0.2265625 0.28984375 0.071875 0.15078125
4 0.5046875 0.12421875 0.10859375 0.090625
4 0.3359375 0.56328125 0.08828125 0.0796875
0 0.44921875 0.78671875 0.0296875 0.05625
0 0.265625 0.89765625 0.02578125 0.05234375
0 0.47109375 0.48828125 0.01953125 0.04765625
0 0.67734375 0.67578125 0.01484375 0.04296875
0 0.28515625 0.646875 0.01953125 0.03671875
0 0.25390625 0.6171875 0.01796875 0.0296875
0 0.69765625 0.76015625 0.01484375 0.02578125
0 0.6140625 0.68984375 0.02421875 0.02578125
0 0.3921875 0.8234375 0.03203125 0.02578125
0 0.37421875 0.340625 0.009375 0.025
0 0.36953125 0.428125 0.009375 0.025
0 0.31171875 0.6390625 0.0140625 0.02421875
0 0.34765625 0.3640625 0.01171875 0.01796875
0 0.37265625 0.26328125 0.0109375 0.01640625
0 0.30859375 0.8703125 0.028125 0.01484375
0 0.19765625 0.19921875 0.00625 0.0109375
0 0.63203125 0.67578125 0.01875 0.01015625
4 0.5734375 0.64609375 0.06015625 0.17265625