2 0.62265625 0.4546875 0.3375 0.134375
2 0.034375 0.23515625 0.06875 0.12578125
2 0.1171875 0.1328125 0.09765625 0.0921875
2 0.82109375 0.17109375 0.07421875 0.08671875
2 0.5125 0.13359375 0.053125 0.06953125
2 0.02578125 0.13671875 0.0484375 0.06875
2 0.2125 0.1359375 0.04921875 0.05703125
2 0.4546875 0.14296875 0.0453125 0.05703125
2 0.87109375 0.1546875 0.0609375 0.05625
2 0.34140625 0.09765625 0.025 0.04609375
2 0.3703125 0.11015625 0.03359375 0.04453125
2 0.46484375 0.0703125 0.0390625 0.0390625
2 0.30390625 0.15 0.065625 0.034375
2 0.63125 0.14140625 0.0296875 0.021875