4 0.4125 0.528125 0.259375 0.1375
0 0.92265625 0.32578125 0.15390625 0.1265625
4 0.2640625 0.93828125 0.2515625 0.1234375
6 0.6890625 0.43046875 0.06015625 0.0859375
0 0.73046875 0.5078125 0.0640625 0.0828125
0 0.5375 0.87578125 0.190625 0.07734375
0 0.94765625 0.42734375 0.1046875 0.07421875
0 0.97109375 0.38359375 0.05625 0.071875
0 0.90234375 0.54296875 0.0890625 0.065625
0 0.6875 0.5046875 0.04140625 0.0640625
0 0.6234375 0.55625 0.03671875 0.06328125
4 0.54453125 0.79921875 0.1203125 0.0609375
0 0.8125 0.5546875 0.090625 0.059375
0 0.6015625 0.4953125 0.059375 0.059375
4 0.7828125 0.7171875 0.2046875 0.0515625
0 0.9203125 0.59921875 0.1 0.040625
0 0.9671875 0.65234375 0.0640625 0.03828125
0 0.8703125 0.56328125 0.09921875 0.0375