4 0.55078125 0.46796875 0.04609375 0.21171875
4 0.28671875 0.2171875 0.0703125 0.1265625
4 0.6125 0.10546875 0.11640625 0.090625
4 0.396875 0.48046875 0.08125 0.084375
4 0.2859375 0.53515625 0.0625 0.06875
0 0.39453125 0.9203125 0.0171875 0.0625
0 0.46015625 0.875 0.02578125 0.0578125
0 0.35703125 0.87421875 0.025 0.05625
0 0.328125 0.709375 0.01171875 0.05390625
0 0.4828125 0.56484375 0.0171875 0.053125
0 0.27734375 0.76796875 0.01875 0.0515625
0 0.63515625 0.86015625 0.02265625 0.04296875
0 0.359375 0.9625 0.01640625 0.028125
0 0.571875 0.62890625 0.0109375 0.028125
0 0.59140625 0.63125 0.0140625 0.02421875
0 0.5859375 0.590625 0.01328125 0.02421875
0 0.315625 0.74140625 0.01015625 0.021875
0 0.37734375 0.27890625 0.00859375 0.02109375
0 0.3484375 0.37734375 0.0125 0.0203125
0 0.36171875 0.4359375 0.009375 0.01328125
0 0.3734375 0.44609375 0.0109375 0.01171875
0 0.29453125 0.36640625 0.0109375 0.0109375
0 0.35390625 0.7640625 0.01953125 0.05625