0 0.8484375 0.0921875 0.30234375 0.175
0 0.75234375 0.21484375 0.1890625 0.128125
4 0.65859375 0.45625 0.34609375 0.10625
0 0.6109375 0.21328125 0.128125 0.1
0 0.65625 0.85859375 0.30625 0.1
0 0.5375 0.31015625 0.0484375 0.09609375
0 0.64453125 0.3 0.0375 0.0875
4 0.32109375 0.75625 0.14453125 0.0828125
4 0.37265625 0.6171875 0.24375 0.08125
4 0.4734375 0.52265625 0.24296875 0.0796875
0 0.9734375 0.2734375 0.05234375 0.07578125
0 0.52734375 0.81953125 0.21484375 0.075
0 0.5421875 0.4078125 0.0953125 0.065625
0 0.60390625 0.38203125 0.06796875 0.059375
0 0.81796875 0.46015625 0.09453125 0.0578125
0 0.43359375 0.38125 0.09453125 0.05
0 0.69453125 0.38046875 0.17421875 0.05
0 0.5546875 0.37734375 0.05 0.0484375
0 0.94765625 0.471875 0.103125 0.0375
0 0.66953125 0.4265625 0.0609375 0.03046875
0 0.71484375 0.4140625 0.06953125 0.0296875
0 0.71640625 0.44140625 0.06484375 0.028125
0 0.75078125 0.46015625 0.0609375 0.0265625
0 0.78046875 0.48359375 0.05234375 0.0265625
0 0.85703125 0.4578125 0.0796875 0.03828125