4 0.14765625 0.753125 0.0390625 0.2234375
0 0.54140625 0.6015625 0.08984375 0.15546875
0 0.7109375 0.6328125 0.05 0.09140625
0 0.240625 0.09296875 0.025 0.08515625
0 0.21875 0.10859375 0.0234375 0.084375
0 0.39765625 0.1109375 0.028125 0.07890625
0 0.1984375 0.05625 0.02734375 0.075
0 0.4421875 0.0828125 0.01640625 0.0671875
0 0.3875 0.971875 0.0203125 0.05625
0 0.8765625 0.4609375 0.03359375 0.05
0 0.81875 0.659375 0.02109375 0.05
0 0.7109375 0.71875 0.0296875 0.03828125
0 0.0578125 0.23203125 0.01328125 0.03671875
0 0.6203125 0.7625 0.0484375 0.0328125
0 0.52109375 0.25625 0.01328125 0.028125
0 0.3125 0.7375 0.028125 0.0265625
0 0.03359375 0.23046875 0.0109375 0.025
0 0.15234375 0.284375 0.01640625 0.01953125
0 0.36796875 0.478125 0.028125 0.01875
0 0.0984375 0.26796875 0.01875 0.01875
0 0.70625 0.75546875 0.04140625 0.01484375
0 0.64609375 0.4328125 0.0296875 0.0375