2 0.50703125 0.7390625 0.09609375 0.0875
2 0.6609375 0.49375 0.06796875 0.08515625
2 0.7125 0.49375 0.0734375 0.08359375
2 0.3390625 0.46796875 0.0546875 0.065625
2 0.85234375 0.50390625 0.0546875 0.0640625
2 0.040625 0.475 0.0625 0.059375
2 0.4203125 0.46796875 0.0390625 0.0453125
2 0.15078125 0.465625 0.040625 0.04375
2 0.3609375 0.4625 0.01953125 0.04296875
2 0.92578125 0.47109375 0.03984375 0.0421875
2 0.39296875 0.46484375 0.02265625 0.040625
2 0.19765625 0.4734375 0.040625 0.03515625
2 0.36875 0.40859375 0.025 0.0328125
2 0.2484375 0.4453125 0.05703125 0.021875
2 0.1609375 0.7640625 0.321875 0.096875