2 0.65234375 0.4640625 0.0734375 0.08984375
2 0.06171875 0.659375 0.1234375 0.0875
2 0.27890625 0.4359375 0.05703125 0.07421875
2 0.79296875 0.4703125 0.0609375 0.071875
2 0.3046875 0.4359375 0.03125 0.05703125
2 0.33984375 0.4390625 0.0390625 0.0484375
2 0.0890625 0.44609375 0.05546875 0.04765625
2 0.14296875 0.446875 0.04375 0.0453125
2 0.2125 0.421875 0.03515625 0.04296875
2 0.3125 0.38515625 0.03671875 0.04296875
2 0.1859375 0.41015625 0.0453125 0.0390625
2 0.0203125 0.4484375 0.040625 0.03828125
2 0.5390625 0.70703125 0.1546875 0.1