0 0.5625 0.16015625 0.1015625 0.19609375
0 0.16171875 0.17265625 0.03359375 0.0921875
0 0.3046875 0.05390625 0.0359375 0.08203125
0 0.36953125 0.23515625 0.05625 0.0734375
0 0.53515625 0.63515625 0.0453125 0.06484375
0 0.5484375 0.0359375 0.06875 0.0625
0 0.325 0.59921875 0.059375 0.06015625
0 0.42734375 0.278125 0.02578125 0.05625
0 0.2734375 0.05625 0.028125 0.053125
0 0.24453125 0.278125 0.0234375 0.0453125
0 0.24140625 0.053125 0.02734375 0.04453125
0 0.21484375 0.02109375 0.03515625 0.0421875
0 0.4765625 0.3078125 0.025 0.0421875
0 0.42890625 0.4078125 0.05625 0.0421875
0 0.290625 0.23828125 0.02734375 0.040625
0 0.17734375 0.27734375 0.02421875 0.0390625
0 0.34140625 0.5375 0.03203125 0.03515625
0 0.30234375 0.6875 0.04140625 0.0390625