0 0.790625 0.05 0.196875 0.1
0 0.50625 0.6671875 0.22265625 0.090625
0 0.93828125 0.0578125 0.1234375 0.090625
0 0.11171875 0.10546875 0.19375 0.08984375
0 0.0703125 0.78125 0.140625 0.0875
0 0.8625 0.19921875 0.2734375 0.08515625
0 0.9203125 0.95234375 0.15859375 0.08515625
0 0.61796875 0.95859375 0.1859375 0.08203125
0 0.75078125 0.89296875 0.1625 0.0796875
0 0.54296875 0.0953125 0.29375 0.0765625
0 0.30234375 0.596875 0.18125 0.0765625
0 0.9109375 0.78671875 0.17734375 0.07578125
0 0.7171875 0.409375 0.25234375 0.075
0 0.41015625 0.5796875 0.25625 0.075
0 0.1890625 0.20546875 0.246875 0.075
0 0.75703125 0.30703125 0.225 0.07421875
0 0.9203125 0.6 0.1578125 0.0734375
0 0.5734375 0.753125 0.2265625 0.0734375
0 0.93125 0.85625 0.13671875 0.0734375
0 0.65078125 0.66875 0.15625 0.0734375
0 0.04296875 0.87109375 0.0859375 0.071875
0 0.878125 0.7 0.21796875 0.07109375
0 0.32421875 0.94140625 0.1734375 0.0703125
0 0.52109375 0.78359375 0.20625 0.06953125
0 0.4609375 0.3875 0.2203125 0.0671875
0 0.871875 0.63046875 0.21015625 0.065625
0 0.671875 0.31484375 0.146875 0.0640625
0 0.6265625 0.60625 0.18125 0.0640625
0 0.51171875 0.8609375 0.16875 0.0640625
0 0.7921875 0.4484375 0.225 0.06328125
0 0.73125 0.809375 0.178125 0.06328125
0 0.62265625 0.03125 0.1640625 0.0625
0 0.040625 0.18359375 0.08125 0.06328125
0 0.63671875 0.2234375 0.22578125 0.06015625
0 0.06484375 0.365625 0.1296875 0.0609375
0 0.27734375 0.26328125 0.190625 0.059375
0 0.17265625 0.38515625 0.1484375 0.059375
0 0.60234375 0.1828125 0.20078125 0.05859375
0 0.765625 0.5421875 0.2875 0.0578125
0 0.415625 0.44921875 0.1703125 0.05703125
0 0.37109375 0.8203125 0.2125 0.05625
0 0.478125 0.31640625 0.225 0.05625
0 0.025 0.26875 0.04921875 0.0546875
0 0.240625 0.8890625 0.15625 0.0546875
0 0.175 0.334375 0.2125 0.05390625
0 0.19140625 0.49140625 0.2765625 0.0515625
0 0.93984375 0.44921875 0.11875 0.05078125
0 0.48515625 0.96953125 0.13359375 0.05
0 0.07890625 0.596875 0.1578125 0.05
0 0.2 0.7203125 0.2046875 0.04921875
0 0.0390625 0.4375 0.078125 0.04609375
0 0.76171875 0.49296875 0.21171875 0.04609375
0 0.94921875 0.4171875 0.1 0.04375
0 0.2625 0.46484375 0.18515625 0.040625
0 0.94765625 0.671875 0.1046875 0.06328125