0 0.3234375 0.0890625 0.1390625 0.178125
0 0.1984375 0.08046875 0.090625 0.1609375
0 0.54375 0.184375 0.1640625 0.15234375
4 0.59609375 0.53359375 0.14765625 0.14765625
0 0.2125 0.29375 0.06953125 0.08125
4 0.33125 0.61796875 0.11171875 0.075
0 0.3171875 0.3890625 0.10625 0.06953125
0 0.078125 0.39453125 0.07421875 0.0671875
0 0.0296875 0.453125 0.05859375 0.0578125
0 0.10078125 0.32265625 0.1140625 0.05546875
0 0.3984375 0.359375 0.16953125 0.05390625
0 0.1234375 0.44375 0.07265625 0.05390625
0 0.03984375 0.3875 0.07734375 0.04765625
0 0.1578125 0.36875 0.090625 0.040625
0 0.2578125 0.31015625 0.0984375 0.03515625
0 0.290625 0.278125 0.08125 0.034375