4 0.525 0.7078125 0.69140625 0.23203125
0 0.709375 0.1390625 0.2015625 0.19140625
0 0.92109375 0.49765625 0.1578125 0.178125
0 0.690625 0.38125 0.14375 0.178125
0 0.18203125 0.2515625 0.21640625 0.14765625
0 0.6625 0.259375 0.17109375 0.134375
4 0.10546875 0.540625 0.2109375 0.115625
0 0.9046875 0.42734375 0.11875 0.096875
0 0.3234375 0.35390625 0.14140625 0.08828125
0 0.53828125 0.34609375 0.10390625 0.06953125
0 0.69609375 0.42578125 0.1703125 0.06796875
0 0.4296875 0.36953125 0.05 0.065625
0 0.35078125 0.62578125 0.13984375 0.06171875
4 0.475 0.4375 0.12265625 0.05546875
0 0.5953125 0.39140625 0.1484375 0.053125
0 0.4140625 0.47734375 0.12890625 0.05078125
0 0.15078125 0.4484375 0.0796875 0.0453125
0 0.340625 0.440625 0.0953125 0.040625
0 0.0296875 0.44765625 0.059375 0.0359375
0 0.10234375 0.45 0.0625 0.0359375
0 0.22421875 0.48203125 0.0328125 0.0328125
0 0.334375 0.40859375 0.09296875 0.0453125