0 0.54921875 0.5046875 0.13671875 0.05625
0 0.9515625 0.54296875 0.096875 0.06640625
0 0.38828125 0.3296875 0.13203125 0.05859375
0 0.7328125 0.25390625 0.1515625 0.06640625
0 0.46953125 0.21640625 0.11796875 0.05703125
0 0.278125 0.225 0.096875 0.046875
0 0.3328125 0.23828125 0.065625 0.053125
0 0.24140625 0.246875 0.06796875 0.04609375
0 0.775 0.121875 0.09296875 0.03203125
0 0.24375 0.1421875 0.0578125 0.0390625
0 0.7671875 0.07421875 0.08984375 0.03203125
0 0.69921875 0.04375 0.06796875 0.04296875
0 0.34921875 0.4171875 0.0734375 0.071875
0 0.38671875 0.20078125 0.06640625 0.04453125
0 0.51328125 0.12734375 0.0546875 0.0453125
0 0.96640625 0.1359375 0.06640625 0.09765625