1 0.59140625 0.4546875 0.159375 0.1203125
1 0.0515625 0.3296875 0.103125 0.1140625
1 0.921875 0.51171875 0.15546875 0.1125
1 0.37109375 0.64609375 0.1921875 0.1125
1 0.94375 0.3953125 0.11171875 0.1109375
1 0.56953125 0.590625 0.1953125 0.109375
1 0.7296875 0.74140625 0.21171875 0.103125
1 0.16796875 0.7703125 0.13984375 0.08984375
1 0.86484375 0.8953125 0.16796875 0.0859375
1 0.4390625 0.75 0.12265625 0.08359375
1 0.5875 0.79296875 0.15390625 0.07578125
1 0.86796875 0.35546875 0.13203125 0.071875
1 0.1015625 0.23515625 0.1625 0.0703125
1 0.3796875 0.9734375 0.1203125 0.0515625
1 0.3296875 0.015625 0.13125 0.03125