6 0.384375 0.434375 0.05625 0.14453125
4 0.371875 0.625 0.040625 0.13046875
0 0.67578125 0.79375 0.015625 0.10390625
0 0.61640625 0.86328125 0.01796875 0.10234375
0 0.49609375 0.6859375 0.02578125 0.09140625
0 0.50859375 0.43671875 0.02265625 0.06484375
0 0.43359375 0.7015625 0.01171875 0.04375
0 0.459375 0.603125 0.01171875 0.0390625
0 0.53359375 0.76875 0.03046875 0.02890625
0 0.5609375 0.74765625 0.0171875 0.025
0 0.34921875 0.865625 0.00703125 0.02265625
0 0.33046875 0.89140625 0.01015625 0.021875
0 0.5875 0.946875 0.01640625 0.0203125
0 0.26015625 0.740625 0.00625 0.01953125
0 0.48984375 0.58125 0.01484375 0.01796875
0 0.32109375 0.8640625 0.0078125 0.0171875
0 0.48046875 0.4296875 0.0203125 0.01640625
0 0.271875 0.70234375 0.0046875 0.0140625
0 0.35859375 0.82421875 0.01015625 0.0109375
0 0.37890625 0.85078125 0.00859375 0.01015625