0 0.37109375 0.5921875 0.30625 0.14921875
0 0.59140625 0.55546875 0.2859375 0.13828125
0 0.5328125 0.33125 0.15859375 0.13046875
0 0.5734375 0.428125 0.18828125 0.12578125
0 0.83828125 0.6203125 0.18203125 0.11796875
0 0.09375 0.51484375 0.184375 0.115625
0 0.3078125 0.4640625 0.12109375 0.11015625
0 0.3765625 0.3953125 0.15390625 0.10234375
0 0.8515625 0.3703125 0.16875 0.10234375
0 0.74609375 0.34921875 0.13203125 0.10078125
0 0.14296875 0.43203125 0.159375 0.10078125
0 0.80625 0.465625 0.22109375 0.0953125
0 0.93984375 0.35625 0.1203125 0.09140625
0 0.8546875 0.52734375 0.19609375 0.08828125
0 0.29140625 0.30625 0.1 0.0875
0 0.60625 0.3078125 0.13515625 0.0875
4 0.09609375 0.15 0.19140625 0.07265625
0 0.44609375 0.09921875 0.08671875 0.0390625
0 0.89375 0.06796875 0.09140625 0.03359375
0 0.659375 0.090625 0.04609375 0.02421875