0 0.28359375 0.10234375 0.09453125 0.2
4 0.64453125 0.525 0.2453125 0.1359375
0 0.446875 0.20625 0.15859375 0.134375
0 0.15625 0.296875 0.075 0.07421875
4 0.28046875 0.60390625 0.1171875 0.0703125
0 0.23828125 0.390625 0.134375 0.065625
4 0.06796875 0.6875 0.121875 0.06484375
0 0.03984375 0.39375 0.05625 0.0640625
0 0.3234375 0.35546875 0.1609375 0.05546875
0 0.046875 0.32421875 0.09375 0.053125
0 0.08828125 0.4359375 0.05546875 0.0484375
0 0.09140625 0.3671875 0.07578125 0.04140625
0 0.22578125 0.2796875 0.065625 0.03359375
0 0.19375 0.30859375 0.06875 0.0328125
0 0.14765625 0.08046875 0.1171875 0.1609375