1 0.328125 0.3328125 0.1578125 0.15390625
1 0.31796875 0.76171875 0.2171875 0.153125
1 0.396875 0.56328125 0.18515625 0.121875
1 0.75390625 0.54921875 0.25859375 0.109375
1 0.21875 0.44375 0.1890625 0.10078125
1 0.50234375 0.796875 0.18984375 0.0890625
1 0.85859375 0.61640625 0.15390625 0.065625
1 0.184375 0.73046875 0.0921875 0.05703125
1 0.74921875 0.859375 0.17109375 0.05703125
1 0.55703125 0.89375 0.1203125 0.0546875
1 0.859375 0.8109375 0.121875 0.053125
1 0.734375 0.928125 0.1578125 0.046875
1 0.62421875 0.75234375 0.19921875 0.04375
1 0.93359375 0.59765625 0.13203125 0.11796875