6 0.046875 0.8015625 0.09296875 0.103125
6 0.63515625 0.52109375 0.2375 0.1
6 0.41171875 0.5140625 0.196875 0.0921875
4 0.50703125 0.15 0.21484375 0.0609375
6 0.67109375 0.43125 0.14140625 0.05625
4 0.3203125 0.23671875 0.15859375 0.05
4 0.8984375 0.278125 0.08359375 0.0484375
0 0.62265625 0.0453125 0.1109375 0.04375
0 0.65078125 0.0296875 0.1046875 0.04140625
0 0.7171875 0.02890625 0.1109375 0.03828125
0 0.8265625 0.04609375 0.0859375 0.03828125
0 0.38671875 0.028125 0.05 0.0375
0 0.7359375 0.078125 0.06640625 0.03046875
0 0.784375 0.01328125 0.07578125 0.02578125
4 0.6921875 0.203125 0.1 0.04296875