4 0.6 0.640625 0.3765625 0.209375
4 0.6 0.39296875 0.5640625 0.19453125
4 0.12109375 0.8921875 0.2421875 0.1375
0 0.11484375 0.58359375 0.12109375 0.07109375
0 0.8109375 0.15625 0.17265625 0.0625
0 0.58203125 0.228125 0.1578125 0.05546875
0 0.059375 0.2171875 0.11875 0.0546875
0 0.17734375 0.28203125 0.16640625 0.0515625
0 0.46640625 0.1796875 0.1328125 0.04921875
0 0.81640625 0.2125 0.16484375 0.04765625
0 0.5765625 0.1015625 0.1234375 0.04609375
6 0.24921875 0.69375 0.1203125 0.0453125
0 0.65 0.1625 0.13125 0.04375
0 0.571875 0.0203125 0.11875 0.040625
0 0.60390625 0.1484375 0.09765625 0.03828125
4 0.91796875 0.70390625 0.1625 0.0875