0 0.2015625 0.8890625 0.23046875 0.2078125
0 0.47890625 0.86796875 0.2328125 0.190625
0 0.6953125 0.66953125 0.42109375 0.1859375
0 0.6234375 0.115625 0.3140625 0.16796875
0 0.50546875 0.84921875 0.24765625 0.16640625
0 0.91328125 0.54921875 0.1734375 0.14296875
0 0.271875 0.51640625 0.2140625 0.1296875
0 0.85625 0.309375 0.28671875 0.12734375
0 0.45078125 0.6921875 0.11015625 0.1171875
0 0.34375 0.38671875 0.19375 0.1109375
0 0.20546875 0.38125 0.1921875 0.1078125
0 0.05625 0.75859375 0.11171875 0.10234375
0 0.40390625 0.35859375 0.2609375 0.10078125
0 0.91796875 0.1890625 0.16328125 0.10078125
0 0.80703125 0.36171875 0.29765625 0.0984375
0 0.13359375 0.7359375 0.121875 0.0953125
0 0.55703125 0.77109375 0.3984375 0.09453125
0 0.75703125 0.95390625 0.22109375 0.0921875
0 0.521875 0.259375 0.2203125 0.09140625
0 0.2671875 0.6515625 0.1796875 0.08984375
0 0.96484375 0.8125 0.06953125 0.08828125
0 0.0453125 0.153125 0.090625 0.0875
0 0.51796875 0.54140625 0.2390625 0.078125
0 0.36640625 0.30234375 0.23359375 0.07578125
0 0.81953125 0.0375 0.359375 0.071875
0 0.12109375 0.55390625 0.1625 0.06640625
0 0.015625 0.8375 0.03125 0.0625
0 0.08125 0.26328125 0.05078125 0.06328125
0 0.04609375 0.421875 0.0921875 0.06171875
0 0.1140625 0.50546875 0.15078125 0.0609375
0 0.14453125 0.35078125 0.13125 0.0578125
0 0.5046875 0.03828125 0.2203125 0.05390625
0 0.0515625 0.57890625 0.10078125 0.0484375
0 0.02109375 0.01875 0.0421875 0.0375
0 0.26484375 0.015625 0.0796875 0.03125
0 0.22578125 0.15390625 0.2375 0.08515625