0 0.4140625 0.10859375 0.26171875 0.1359375
0 0.25859375 0.15390625 0.1671875 0.13203125
0 0.19921875 0.228125 0.1609375 0.121875
0 0.8421875 0.34765625 0.3140625 0.10390625
0 0.14296875 0.04609375 0.15 0.0921875
4 0.4921875 0.52265625 0.18515625 0.0875
0 0.10546875 0.215625 0.13984375 0.07890625
0 0.34921875 0.28359375 0.140625 0.07578125
4 0.715625 0.50078125 0.246875 0.07109375
0 0.196875 0.22109375 0.15390625 0.06171875
0 0.59140625 0.36796875 0.22578125 0.059375
0 0.0203125 0.2359375 0.040625 0.0578125
0 0.8234375 0.240625 0.18046875 0.05546875
0 0.54140625 0.26875 0.1734375 0.05234375
0 0.603125 0.2890625 0.16640625 0.05
0 0.89375 0.30390625 0.2125 0.04296875
0 0.3734375 0.2984375 0.2046875 0.0421875
0 0.87265625 0.25703125 0.14921875 0.0375
4 0.8921875 0.54609375 0.2109375 0.07109375