0 0.134375 0.2109375 0.1 0.08046875
4 0.0609375 0.359375 0.121875 0.06953125
6 0.65234375 0.51171875 0.18125 0.0625
4 0.275 0.0828125 0.08984375 0.06171875
4 0.05234375 0.075 0.10234375 0.06171875
0 0.2265625 0.03203125 0.13828125 0.053125
0 0.51015625 0.07421875 0.04765625 0.05
0 0.1921875 0.4046875 0.0609375 0.0484375
6 0.259375 0.48359375 0.14453125 0.046875
0 0.3890625 0.08515625 0.09140625 0.04453125
0 0.22734375 0.0265625 0.0984375 0.040625
0 0.540625 0.17421875 0.07890625 0.03984375
0 0.40390625 0.1921875 0.05625 0.0390625
0 0.6078125 0.184375 0.06484375 0.0390625
0 0.4796875 0.11484375 0.06875 0.03828125
0 0.39140625 0.115625 0.07265625 0.03671875
0 0.425 0.040625 0.1 0.034375
0 0.81328125 0.096875 0.10859375 0.0328125
0 0.66015625 0.08125 0.0984375 0.0328125
0 0.91015625 0.09765625 0.0578125 0.03203125
0 0.65546875 0.14375 0.09296875 0.03203125
0 0.4921875 0.03984375 0.06953125 0.03203125
0 0.58125 0.10234375 0.0875 0.03125
0 0.83125 0.1859375 0.10390625 0.03046875
0 0.171875 0.43984375 0.0390625 0.03046875
0 0.89140625 0.134375 0.065625 0.0296875
0 0.73359375 0.13828125 0.0703125 0.0296875
0 0.77109375 0.16953125 0.10390625 0.02890625
0 0.5453125 0.3453125 0.06484375 0.02734375
0 0.665625 0.103125 0.09765625 0.02421875