4 0.3109375 0.4640625 0.41015625 0.1578125
0 0.6125 0.7359375 0.4484375 0.13515625
0 0.91640625 0.4390625 0.1671875 0.0765625
4 0.9359375 0.80625 0.128125 0.07109375
0 0.64609375 0.575 0.22109375 0.0703125
0 0.7953125 0.8 0.15625 0.0703125
0 0.84765625 0.596875 0.13515625 0.065625
0 0.84375 0.525 0.1125 0.06484375
0 0.696875 0.60078125 0.17890625 0.0625
0 0.21953125 0.97265625 0.2484375 0.05390625
0 0.47265625 0.61953125 0.0734375 0.04609375
0 0.25625 0.56640625 0.1484375 0.0453125
0 0.06484375 0.878125 0.125 0.0421875
0 0.55625 0.646875 0.046875 0.040625
0 0.04140625 0.64375 0.0828125 0.034375
0 0.3296875 0.596875 0.08984375 0.03359375
0 0.0921875 0.66171875 0.09921875 0.0328125
6 0.0515625 0.978125 0.103125 0.04375