0 0.8328125 0.74453125 0.01796875 0.05546875
0 0.534375 0.42109375 0.015625 0.04765625
0 0.57734375 0.78984375 0.03046875 0.04296875
0 0.83515625 0.87734375 0.0125 0.0421875
0 0.671875 0.29296875 0.0234375 0.0421875
0 0.63203125 0.80390625 0.01875 0.04140625
0 0.6078125 0.296875 0.025 0.04140625
0 0.6109375 0.85234375 0.01640625 0.0390625
0 0.60625 0.40859375 0.01953125 0.0375
0 0.57421875 0.2953125 0.03359375 0.03671875
0 0.2671875 0.334375 0.05234375 0.0359375
0 0.7546875 0.8734375 0.03125 0.0328125
0 0.52265625 0.37734375 0.02109375 0.0328125
0 0.7671875 0.81640625 0.04921875 0.0328125
0 0.35625 0.32265625 0.015625 0.03125
0 0.56796875 0.35859375 0.0171875 0.03125
0 0.878125 0.596875 0.0328125 0.03125
0 0.4640625 0.22890625 0.025 0.03046875
0 0.86796875 0.74140625 0.04140625 0.028125
0 0.84453125 0.9078125 0.0171875 0.02578125
4 0.54140625 0.13828125 0.06640625 0.02578125
0 0.76796875 0.7984375 0.021875 0.02265625
0 0.815625 0.509375 0.02265625 0.021875
0 0.03203125 0.36640625 0.01875 0.02109375
0 0.06796875 0.38671875 0.015625 0.0203125
0 0.49296875 0.42578125 0.03046875 0.0203125
0 0.5609375 0.4453125 0.0078125 0.0203125
0 0.03359375 0.4578125 0.03671875 0.01953125
0 0.765625 0.5140625 0.01796875 0.01953125
0 0.81484375 0.90078125 0.02578125 0.01875
0 0.46171875 0.46796875 0.02890625 0.01875
0 0.5203125 0.409375 0.02109375 0.01875
0 0.66953125 0.5 0.01875 0.01875
0 0.85 0.51953125 0.02421875 0.01875
0 0.54609375 0.5078125 0.02109375 0.01796875
0 0.0328125 0.478125 0.03515625 0.01796875
0 0.67265625 0.40390625 0.01328125 0.0171875
0 0.3625 0.2265625 0.040625 0.0171875
0 0.465625 0.44296875 0.015625 0.01640625
0 0.3125 0.19609375 0.01484375 0.015625
0 0.40078125 0.19765625 0.0125 0.01484375
0 0.7 0.51953125 0.01484375 0.0140625
0 0.31015625 0.3390625 0.01796875 0.01328125
0 0.42578125 0.27734375 0.01640625 0.01171875
0 0.34140625 0.24296875 0.01015625 0.01015625