4 0.3453125 0.57578125 0.1875 0.13125
4 0.51484375 0.53125 0.2 0.08046875
0 0.19921875 0.20078125 0.1921875 0.07890625
0 0.94453125 0.215625 0.1109375 0.0765625
0 0.36328125 0.2265625 0.1703125 0.06796875
0 0.09765625 0.3390625 0.1953125 0.06640625
0 0.0609375 0.284375 0.121875 0.05625
0 0.51015625 0.3203125 0.1765625 0.0546875
0 0.6703125 0.30546875 0.1625 0.05390625
0 0.275 0.3109375 0.175 0.05234375
0 0.8171875 0.290625 0.12890625 0.05
0 0.96015625 0.2703125 0.078125 0.04296875
4 0.809375 0.396875 0.2390625 0.04140625
0 0.85859375 0.30859375 0.11875 0.03828125
0 0.746875 0.228125 0.11875 0.0375
0 0.32265625 0.27109375 0.1578125 0.0328125
0 0.68359375 0.76015625 0.16328125 0.08515625