0 0.38125 0.2 0.4671875 0.3484375
0 0.5875 0.575 0.2265625 0.234375
0 0.83671875 0.7484375 0.23828125 0.19296875
0 0.70234375 0.39296875 0.13125 0.190625
0 0.09296875 0.66015625 0.04609375 0.0734375
0 0.39375 0.63203125 0.05625 0.06484375
0 0.275 0.61796875 0.0703125 0.06328125
0 0.03203125 0.734375 0.0640625 0.053125
0 0.47109375 0.66328125 0.06953125 0.0515625
0 0.30546875 0.68046875 0.08828125 0.05078125
0 0.165625 0.6703125 0.084375 0.0375
0 0.3234375 0.6109375 0.05625 0.03671875
0 0.09296875 0.68046875 0.10078125 0.03671875
0 0.04296875 0.7359375 0.08515625 0.03515625