1 0.31171875 0.284375 0.0984375 0.06484375
1 0.39765625 0.34375 0.10078125 0.0546875
1 0.71484375 0.30390625 0.11328125 0.04921875
1 0.69375 0.684375 0.084375 0.04609375
1 0.65234375 0.36640625 0.1234375 0.04609375
1 0.16171875 0.46015625 0.08125 0.04609375
1 0.52578125 0.09609375 0.1046875 0.04453125
1 0.93671875 0.18046875 0.11875 0.04375
1 0.1203125 0.31953125 0.08671875 0.04296875
1 0.61640625 0.2984375 0.06640625 0.04296875
1 0.8453125 0.65625 0.06875 0.04296875
1 0.80859375 0.80390625 0.090625 0.04140625
1 0.11171875 0.60390625 0.09609375 0.0390625
1 0.11171875 0.5546875 0.09375 0.03828125
1 0.27890625 0.95703125 0.05546875 0.03671875
1 0.46015625 0.86796875 0.06328125 0.03515625
1 0.3734375 0.22109375 0.08125 0.034375
1 0.9453125 0.72109375 0.03671875 0.034375
1 0.90078125 0.76171875 0.04375 0.034375
1 0.9875 0.2140625 0.025 0.034375
1 0.93125 0.31015625 0.0703125 0.03359375
1 0.39609375 0.51171875 0.07421875 0.03046875
1 0.5703125 0.4296875 0.0796875 0.0296875
1 0.5640625 0.98515625 0.0875 0.0296875
1 0.06953125 0.40703125 0.10546875 0.025
1 0.4515625 0.00703125 0.08046875 0.0140625