0 0.034375 0.22265625 0.0234375 0.02421875
0 0.0953125 0.2328125 0.021875 0.02421875
0 0.2078125 0.31953125 0.04375 0.0953125
0 0.25546875 0.434375 0.0625 0.078125
0 0.27109375 0.425 0.0453125 0.08984375
0 0.33359375 0.41171875 0.0421875 0.078125
0 0.30234375 0.546875 0.059375 0.078125
0 0.41953125 0.49765625 0.06640625 0.0984375
0 0.4 0.51875 0.0625 0.075
0 0.47109375 0.5515625 0.07890625 0.0921875
0 0.4828125 0.4625 0.05546875 0.03203125
0 0.55703125 0.5234375 0.03515625 0.07578125
0 0.659375 0.525 0.11640625 0.07578125
0 0.72578125 0.6875 0.0734375 0.1046875
0 0.9125 0.76015625 0.05859375 0.05390625
0 0.98203125 0.6609375 0.0359375 0.07421875
0 0.75234375 0.3953125 0.0421875 0.09921875
0 0.8296875 0.46640625 0.05859375 0.096875
0 0.4578125 0.58203125 0.053125 0.0671875