0 0.065625 0.6296875 0.13125 0.11640625
0 0.38359375 0.67578125 0.27109375 0.11328125
0 0.59453125 0.45078125 0.23515625 0.10390625
4 0.684375 0.29765625 0.63125 0.1015625
0 0.19140625 0.60078125 0.16875 0.09921875
0 0.36171875 0.40390625 0.159375 0.0984375
0 0.396875 0.5234375 0.153125 0.0984375
0 0.9078125 0.49296875 0.184375 0.0953125
0 0.70703125 0.71640625 0.17890625 0.09296875
0 0.87265625 0.725 0.165625 0.09296875
0 0.60859375 0.55 0.12109375 0.09140625
0 0.34921875 0.57734375 0.14375 0.0890625
0 0.59609375 0.3578125 0.1734375 0.08359375
0 0.7921875 0.4578125 0.14140625 0.07578125
0 0.21328125 0.51796875 0.1390625 0.07421875
0 0.76171875 0.575 0.16015625 0.0734375
0 0.54453125 0.628125 0.13828125 0.07109375
0 0.90078125 0.57109375 0.16640625 0.065625
0 0.88828125 0.63984375 0.134375 0.059375
0 0.92109375 0.21953125 0.0890625 0.0359375
0 0.32578125 0.30078125 0.06953125 0.02265625
0 0.9828125 0.16875 0.034375 0.021875
0 0.20625 0.2421875 0.05625 0.02109375
0 0.85546875 0.146875 0.02421875 0.0203125
0 0.63359375 0.20546875 0.04921875 0.01953125
0 0.81328125 0.221875 0.0546875 0.0171875
0 0.25546875 0.06484375 0.03828125 0.01484375
0 0.59765625 0.10390625 0.03828125 0.0125