1 0.303125 0.68828125 0.12734375 0.2171875
1 0.321875 0.1234375 0.07109375 0.19921875
1 0.2328125 0.78046875 0.13359375 0.18671875
1 0.6515625 0.75625 0.0796875 0.18203125
1 0.2171875 0.45546875 0.12578125 0.178125
1 0.71015625 0.85703125 0.08984375 0.17578125
1 0.8046875 0.50703125 0.09921875 0.17421875
1 0.13984375 0.52421875 0.10703125 0.1640625
1 0.35859375 0.71953125 0.09765625 0.16171875
1 0.978125 0.66484375 0.04375 0.16171875
1 0.278125 0.1640625 0.06171875 0.15546875
1 0.51875 0.14453125 0.04609375 0.1546875
1 0.60234375 0.415625 0.12734375 0.153125
1 0.575 0.82890625 0.07109375 0.15078125
1 0.56640625 0.22109375 0.0484375 0.15078125
1 0.62421875 0.50859375 0.1015625 0.15078125
1 0.42734375 0.26953125 0.11328125 0.1484375
1 0.42265625 0.19921875 0.0640625 0.14453125
1 0.7078125 0.49921875 0.0953125 0.140625
1 0.78046875 0.39453125 0.07109375 0.13984375
1 0.84609375 0.36171875 0.06484375 0.1390625
1 0.86484375 0.671875 0.07578125 0.1390625
1 0.13828125 0.740625 0.103125 0.13828125
1 0.496875 0.65234375 0.1046875 0.1375
1 0.32734375 0.89140625 0.084375 0.1375
1 0.0828125 0.06875 0.146875 0.13515625
1 0.3984375 0.61171875 0.084375 0.13125
1 0.3546875 0.421875 0.1484375 0.125
1 0.74140625 0.1203125 0.0921875 0.12265625
1 0.7796875 0.2671875 0.09765625 0.121875
1 0.69609375 0.6921875 0.0484375 0.11953125
1 0.50234375 0.48359375 0.078125 0.115625
1 0.621875 0.28203125 0.053125 0.115625
1 0.58671875 0.05546875 0.06171875 0.109375
1 0.4984375 0.05390625 0.05390625 0.10625
1 0.68828125 0.41640625 0.0703125 0.10625
1 0.340625 0.946875 0.115625 0.10625
1 0.259375 0.53515625 0.07421875 0.1046875
1 0.8953125 0.39375 0.0453125 0.1046875
1 0.85546875 0.7953125 0.08984375 0.10234375
1 0.7515625 0.35390625 0.04140625 0.096875
1 0.42421875 0.49375 0.0578125 0.090625
1 0.8953125 0.3234375 0.05859375 0.090625
1 0.3421875 0.50234375 0.08125 0.08671875
1 0.77109375 0.04453125 0.08671875 0.08671875
1 0.22734375 0.18671875 0.075 0.08515625
1 0.24453125 0.36171875 0.06015625 0.08125
1 0.346875 0.3390625 0.0796875 0.0796875
1 0.66796875 0.6203125 0.05390625 0.075
1 0.63125 0.73671875 0.09375 0.071875
1 0.5609375 0.9375 0.0484375 0.071875
1 0.51484375 0.38984375 0.090625 0.07109375
1 0.3640625 0.828125 0.10234375 0.06875
1 0.671875 0.346875 0.04140625 0.0640625
1 0.9296875 0.66171875 0.06171875 0.06015625
1 0.21328125 0.54765625 0.0296875 0.05390625