1 0.30546875 0.584375 0.2484375 0.146875
1 0.66640625 0.6234375 0.24140625 0.1203125
1 0.7453125 0.45234375 0.20625 0.1296875
1 0.61875 0.5578125 0.1890625 0.084375
1 0.27265625 0.76640625 0.1484375 0.11015625
1 0.140625 0.9125 0.2234375 0.12890625
1 0.6 0.8171875 0.2015625 0.1171875
1 0.7109375 0.7890625 0.25546875 0.12734375
1 0.81640625 0.72578125 0.20546875 0.09921875
1 0.85390625 0.871875 0.27109375 0.0703125
1 0.7078125 0.940625 0.20078125 0.11171875
1 0.90859375 0.32265625 0.18203125 0.12265625
1 0.659375 0.16640625 0.32109375 0.11484375
1 0.228125 0.071875 0.29453125 0.13828125
1 0.37421875 0.17421875 0.19453125 0.12890625
1 0.12421875 0.296875 0.2234375 0.1359375
1 0.09453125 0.15 0.18046875 0.090625
1 0.59296875 0.04453125 0.24375 0.0828125
1 0.55078125 0.36171875 0.1359375 0.21484375
1 0.39765625 0.40703125 0.134375 0.10390625
1 0.91953125 0.10078125 0.16015625 0.18984375
1 0.08359375 0.6546875 0.1671875 0.090625
1 0.20234375 0.63515625 0.2265625 0.11953125
1 0.4640625 0.646875 0.228125 0.10546875
1 0.89765625 0.58984375 0.1546875 0.10390625
1 0.6296875 0.23125 0.2296875 0.06015625
1 0.62265625 0.33203125 0.07890625 0.03984375
1 0.67578125 0.28828125 0.18515625 0.08515625
1 0.98515625 0.5984375 0.0296875 0.06796875
1 0.86953125 0.940625 0.153125 0.04140625
1 0.36640625 0.7484375 0.1234375 0.04765625
1 0.06875 0.60859375 0.1375 0.0609375