0 0.43671875 0.409375 0.08203125 0.05078125
0 0.41875 0.53515625 0.06875 0.05390625
0 0.46640625 0.6046875 0.0875 0.06015625
0 0.75859375 0.665625 0.13046875 0.0671875
0 0.74453125 0.5625 0.109375 0.07578125
0 0.7265625 0.5828125 0.10234375 0.07734375
0 0.509375 0.7265625 0.08671875 0.04375
0 0.728125 0.903125 0.12734375 0.10390625
0 0.115625 0.44921875 0.22265625 0.165625
0 0.15390625 0.34765625 0.2 0.11953125
0 0.3390625 0.515625 0.05859375 0.0546875
0 0.36015625 0.62109375 0.08984375 0.05859375
0 0.5671875 0.50703125 0.08984375 0.05703125
0 0.59296875 0.44296875 0.075 0.0640625
0 0.95234375 0.6359375 0.0953125 0.071875
0 0.5890625 0.6015625 0.06171875 0.0359375
0 0.4578125 0.47109375 0.075 0.06015625
0 0.6875 0.52578125 0.08359375 0.0421875
0 0.328125 0.6 0.05546875 0.04375
0 0.2375 0.5703125 0.1015625 0.0515625
0 0.321875 0.5328125 0.06640625 0.04921875
0 0.38359375 0.4140625 0.06015625 0.04375
0 0.1359375 0.2609375 0.04140625 0.0734375
0 0.353125 0.3171875 0.17734375 0.0875
0 0.68515625 0.353125 0.03125 0.03671875
0 0.24140625 0.46953125 0.075 0.03203125
0 0.8671875 0.81328125 0.034375 0.08359375
0 0.828125 0.83359375 0.034375 0.07734375
0 0.78359375 0.94375 0.0828125 0.05546875
0 0.26328125 0.36953125 0.05234375 0.05078125
0 0.22265625 0.38515625 0.0671875 0.03671875
0 0.92890625 0.659375 0.04609375 0.0515625
0 0.965625 0.75 0.0390625 0.05625
0 0.53125 0.4625 0.02578125 0.02734375
0 0.5703125 0.49453125 0.05 0.0359375
0 0.68515625 0.5078125 0.08671875 0.103125
0 0.27421875 0.63828125 0.06015625 0.0453125
0 0.484375 0.26171875 0.0328125 0.03671875
0 0.4578125 0.265625 0.03046875 0.0234375
0 0.45078125 0.29609375 0.03671875 0.0375