0 0.52265625 0.19453125 0.953125 0.38828125
0 0.13515625 0.23984375 0.2703125 0.22734375
0 0.18203125 0.47578125 0.3640625 0.2234375
4 0.69140625 0.5046875 0.615625 0.20390625
0 0.2703125 0.7421875 0.36484375 0.128125
0 0.359375 0.5875 0.2921875 0.09921875
0 0.928125 0.503125 0.1421875 0.08125
0 0.8109375 0.84609375 0.1953125 0.078125
0 0.8109375 0.58203125 0.0796875 0.06640625
4 0.615625 0.8265625 0.1 0.06484375
0 0.8265625 0.640625 0.1015625 0.0640625
0 0.646875 0.64375 0.13125 0.05546875
0 0.20234375 0.63671875 0.08828125 0.0484375
0 0.0375 0.9484375 0.07421875 0.04375
0 0.52734375 0.65390625 0.08515625 0.0421875
0 0.32265625 0.65 0.06953125 0.04140625
0 0.58984375 0.69609375 0.03828125 0.04140625
0 0.4453125 0.67265625 0.07109375 0.03984375
0 0.609375 0.65859375 0.103125 0.03671875
0 0.03671875 0.71328125 0.06484375 0.0296875
0 0.434375 0.65390625 0.08125 0.02421875