6 0.4765625 0.16015625 0.09140625 0.203125
0 0.9609375 0.33984375 0.0765625 0.115625
0 0.7234375 0.328125 0.02265625 0.084375
0 0.31015625 0.33515625 0.021875 0.0796875
0 0.57421875 0.2046875 0.01953125 0.065625
0 0.259375 0.7859375 0.0296875 0.0515625
0 0.9515625 0.4453125 0.01328125 0.05078125
0 0.59375 0.8859375 0.01875 0.03984375
0 0.2140625 0.85859375 0.0296875 0.0390625
0 0.79296875 0.89375 0.01484375 0.03515625
0 0.76171875 0.5328125 0.03203125 0.03515625
0 0.9546875 0.8890625 0.01875 0.034375
0 0.88671875 0.94375 0.01796875 0.03359375
0 0.5625 0.39765625 0.0109375 0.0328125
0 0.82890625 0.86796875 0.01484375 0.03203125
0 0.409375 0.3078125 0.00625 0.02578125
0 0.50859375 0.328125 0.0140625 0.0234375
0 0.62734375 0.809375 0.01171875 0.01953125
0 0.55390625 0.34375 0.01015625 0.01796875
0 0.6125 0.8796875 0.01640625 0.01796875
0 0.4265625 0.3859375 0.009375 0.01015625
6 0.3046875 0.48125 0.06640625 0.209375