0 0.721875 0.1515625 0.16015625 0.21171875
0 0.771875 0.30234375 0.16171875 0.12578125
0 0.83828125 0.2 0.1828125 0.12578125
0 0.88828125 0.1 0.22265625 0.1140625
4 0.89765625 0.4390625 0.203125 0.10859375
4 0.5078125 0.6375 0.25625 0.1
0 0.81640625 0.86015625 0.21796875 0.09765625
0 0.5625 0.3125 0.059375 0.0875
0 0.96015625 0.17578125 0.0796875 0.08515625
4 0.5875 0.53671875 0.17890625 0.08359375
0 0.5265625 0.3515625 0.0796875 0.08125
0 0.70859375 0.3203125 0.1734375 0.08125
4 0.40625 0.70390625 0.125 0.07578125
0 0.40546875 0.76640625 0.06953125 0.075
4 0.43984375 0.49609375 0.16171875 0.0640625
0 0.734375 0.428125 0.0640625 0.05859375
0 0.79609375 0.4125 0.0953125 0.053125
0 0.7859375 0.42734375 0.0796875 0.04453125
0 0.63125 0.37734375 0.06640625 0.04375
0 0.5640625 0.403125 0.096875 0.0421875
0 0.67109375 0.421875 0.09140625 0.04140625
0 0.6984375 0.3984375 0.0515625 0.03125