4 0.475 0.559375 0.5140625 0.16875
0 0.7671875 0.6828125 0.1171875 0.071875
0 0.65234375 0.64296875 0.21328125 0.071875
0 0.54296875 0.31875 0.165625 0.0625
0 0.42421875 0.4 0.14921875 0.059375
0 0.74296875 0.58359375 0.1359375 0.05859375
0 0.2125 0.39140625 0.1796875 0.0578125
0 0.7640625 0.64453125 0.10234375 0.0578125
0 0.765625 0.31796875 0.16015625 0.05625
4 0.78203125 0.40546875 0.19765625 0.05546875
0 0.53125 0.41640625 0.12890625 0.05546875
0 0.54765625 0.19765625 0.1578125 0.04921875
0 0.60390625 0.43046875 0.1 0.04765625
0 0.3859375 0.3390625 0.13828125 0.046875
0 0.7578125 0.1671875 0.11640625 0.046875
0 0.06796875 0.81484375 0.10859375 0.07890625