0 0.734375 0.16171875 0.134375 0.16484375
0 0.6828125 0.3109375 0.24765625 0.11015625
4 0.53125 0.5453125 0.3140625 0.10703125
0 0.85234375 0.4578125 0.06875 0.08125
0 0.13359375 0.35625 0.2109375 0.075
0 0.92109375 0.39375 0.1578125 0.07421875
4 0.590625 0.6359375 0.2203125 0.0640625
0 0.06328125 0.4625 0.1265625 0.0515625
0 0.95234375 0.45546875 0.0953125 0.0515625
0 0.37421875 0.38828125 0.15234375 0.04375
0 0.5984375 0.3890625 0.14140625 0.04296875
0 0.7296875 0.44296875 0.14765625 0.0421875
0 0.84609375 0.46484375 0.13046875 0.0421875
0 0.57109375 0.446875 0.13984375 0.04140625
0 0.21015625 0.4140625 0.159375 0.040625
0 0.19296875 0.39375 0.1203125 0.0390625
0 0.31015625 0.4125 0.11640625 0.03828125
0 0.015625 0.38046875 0.03125 0.0375
0 0.3890625 0.228125 0.31875 0.11796875