0 0.67734375 0.1015625 0.32421875 0.12578125
4 0.5640625 0.4234375 0.3859375 0.1109375
0 0.08671875 0.1859375 0.1734375 0.0796875
0 0.10234375 0.2671875 0.2046875 0.07890625
4 0.28203125 0.5921875 0.178125 0.065625
0 0.9390625 0.2125 0.12109375 0.059375
0 0.25625 0.67734375 0.10078125 0.0546875
4 0.5125 0.6875 0.059375 0.0359375
0 0.703125 0.4609375 0.0484375 0.03125
0 0.51796875 0.3375 0.06796875 0.02890625
6 0.05546875 0.76875 0.1046875 0.02734375
0 0.275 0.50390625 0.0953125 0.02578125
0 0.64296875 0.52578125 0.03828125 0.025
0 0.36875 0.4484375 0.06953125 0.025
0 0.58828125 0.44140625 0.08203125 0.02421875
0 0.740625 0.56484375 0.03203125 0.0203125
0 0.66328125 0.5421875 0.0375 0.01875
0 0.70234375 0.56796875 0.03046875 0.01796875
0 0.6171875 0.52265625 0.00703125 0.0171875
0 0.6296875 0.56875 0.0234375 0.01171875
0 0.6375 0.5484375 0.021875 0.0109375
0 0.690625 0.559375 0.02578125 0.009375
0 0.5890625 0.56875 0.021875 0.00859375