0 0.84296875 0.10859375 0.2609375 0.14375
6 0.73359375 0.675 0.22734375 0.1109375
4 0.70546875 0.4953125 0.30390625 0.10703125
4 0.45703125 0.54921875 0.08125 0.090625
0 0.92109375 0.23515625 0.1578125 0.0828125
4 0.09140625 0.4703125 0.18203125 0.0734375
0 0.36875 0.76484375 0.12578125 0.0703125
0 0.37109375 0.70390625 0.1125 0.0625
4 0.60546875 0.47265625 0.18125 0.05546875
0 0.4921875 0.3125 0.12109375 0.04765625
0 0.6609375 0.33125 0.1375 0.04609375
0 0.84765625 0.3546875 0.13125 0.0453125
0 0.75234375 0.3421875 0.146875 0.0421875
0 0.54921875 0.3796875 0.1046875 0.040625
0 0.72734375 0.06953125 0.140625 0.040625
0 0.784375 0.3796875 0.11875 0.03203125
0 0.6765625 0.378125 0.1234375 0.04296875