0 0.4359375 0.09296875 0.21796875 0.1859375
0 0.046875 0.0765625 0.09375 0.153125
0 0.4703125 0.246875 0.090625 0.1109375
0 0.30078125 0.2578125 0.11640625 0.1109375
0 0.5046875 0.28203125 0.059375 0.1046875
0 0.71953125 0.3109375 0.10625 0.0875
0 0.365625 0.51484375 0.115625 0.07890625
0 0.2734375 0.33125 0.08671875 0.075
0 0.9125 0.0375 0.12265625 0.075
4 0.353125 0.6015625 0.12734375 0.0734375
4 0.8515625 0.66640625 0.1734375 0.06875
0 0.32734375 0.3609375 0.08359375 0.059375
4 0.91953125 0.4921875 0.10546875 0.03671875
6 0.9078125 0.834375 0.1 0.03046875
0 0.83984375 0.5609375 0.10859375 0.02890625
0 0.97890625 0.79453125 0.0421875 0.040625