0 0.17890625 0.84140625 0.14921875 0.09609375
4 0.321875 0.415625 0.16484375 0.07265625
0 0.375 0.0671875 0.1046875 0.0671875
0 0.046875 0.17109375 0.090625 0.065625
4 0.40390625 0.56953125 0.19609375 0.059375
4 0.76015625 0.4609375 0.23046875 0.05859375
0 0.44921875 0.06796875 0.1375 0.0578125
0 0.42578125 0.47265625 0.15546875 0.05703125
0 0.078125 0.5796875 0.15625 0.05390625
0 0.45234375 0.21484375 0.115625 0.04296875
0 0.04375 0.40703125 0.0875 0.0421875
0 0.375 0.18828125 0.103125 0.03515625
0 0.45859375 0.01953125 0.134375 0.034375
0 0.98046875 0.303125 0.03828125 0.07109375