0 0.896875 0.13125 0.146875 0.190625
4 0.47265625 0.58984375 0.4359375 0.153125
4 0.3171875 0.940625 0.37734375 0.1171875
0 0.18359375 0.35859375 0.1765625 0.10234375
0 0.3578125 0.421875 0.16484375 0.0765625
0 0.94765625 0.35859375 0.103125 0.0765625
0 0.0859375 0.38046875 0.171875 0.0671875
0 0.765625 0.4625 0.196875 0.0640625
0 0.9421875 0.46171875 0.115625 0.0609375
0 0.05703125 0.47578125 0.1140625 0.0578125
0 0.1875 0.425 0.1796875 0.05625
0 0.60390625 0.4546875 0.1390625 0.04765625
0 0.5953125 0.41484375 0.14375 0.046875
0 0.70703125 0.390625 0.134375 0.03828125