1 0.73046875 0.240625 0.21796875 0.12421875
1 0.65546875 0.3609375 0.196875 0.0921875
1 0.796875 0.60625 0.12421875 0.07734375
1 0.96171875 0.75078125 0.0765625 0.06953125
1 0.45078125 0.70234375 0.1265625 0.065625
1 0.8046875 0.96953125 0.18125 0.0609375
1 0.128125 0.7765625 0.0609375 0.05703125
1 0.35078125 0.46796875 0.12109375 0.05546875
1 0.49609375 0.3734375 0.09453125 0.04921875
1 0.54609375 0.7171875 0.0796875 0.04453125
1 0.22734375 0.0203125 0.1984375 0.040625
1 0.11796875 0.496875 0.0734375 0.040625
1 0.88359375 0.83671875 0.075 0.0390625
1 0.03359375 0.40078125 0.04375 0.03515625
1 0.9828125 0.64453125 0.034375 0.0296875
1 0.703125 0.4640625 0.08984375 0.03046875
1 0.79765625 0.3671875 0.05078125 0.0296875
1 0.81171875 0.771875 0.05546875 0.028125
1 0.27421875 0.61796875 0.071875 0.02421875
1 0.31875 0.9421875 0.1015625 0.06015625