0 0.6 0.259375 0.4390625 0.221875
4 0.3 0.07734375 0.6 0.1546875
0 0.446875 0.36796875 0.08984375 0.0859375
0 0.2515625 0.83828125 0.1796875 0.06953125
4 0.56015625 0.7 0.17109375 0.0625
4 0.471875 0.65078125 0.1296875 0.0609375
0 0.32109375 0.42890625 0.13359375 0.053125
0 0.31796875 0.46796875 0.0625 0.0515625
0 0.34375 0.3859375 0.109375 0.04921875
0 0.4078125 0.47890625 0.0921875 0.0484375
0 0.0390625 0.44609375 0.078125 0.04453125
0 0.03515625 0.54375 0.0703125 0.04375
0 0.05 0.62109375 0.1 0.04375
0 0.22734375 0.41953125 0.10078125 0.04375
0 0.115625 0.45 0.115625 0.0421875
0 0.1703125 0.515625 0.0953125 0.0421875
0 0.2109375 0.45546875 0.090625 0.03984375
0 0.4671875 0.43203125 0.1109375 0.0359375
0 0.3203125 0.49609375 0.075 0.03359375