0 0.81875 0.47734375 0.29140625 0.13671875
0 0.18984375 0.45 0.27421875 0.1359375
0 0.62578125 0.5359375 0.165625 0.13125
4 0.55703125 0.09921875 0.75859375 0.121875
0 0.259375 0.58359375 0.30859375 0.11796875
0 0.1515625 0.29453125 0.16328125 0.11171875
0 0.24375 0.3890625 0.2765625 0.1
0 0.49453125 0.2734375 0.2296875 0.09140625
0 0.56328125 0.36640625 0.25 0.08671875
0 0.4859375 0.4390625 0.20078125 0.08515625
0 0.75546875 0.34296875 0.2453125 0.08359375
0 0.83828125 0.2421875 0.15078125 0.05859375
0 0.0515625 0.19765625 0.06171875 0.05546875
0 0.2640625 0.20078125 0.096875 0.05
0 0.8453125 0.115625 0.06484375 0.0390625
0 0.91640625 0.05078125 0.0453125 0.034375
0 0.75703125 0.05703125 0.05703125 0.02578125
0 0.328125 0.075 0.06640625 0.02109375
0 0.68125 0.08359375 0.05546875 0.0171875