2 0.2109375 0.31953125 0.1 0.109375
2 0.17265625 0.321875 0.0421875 0.09140625
2 0.7828125 0.3828125 0.0625 0.07890625
2 0.90546875 0.38515625 0.06171875 0.06953125
2 0.971875 0.3890625 0.05625 0.05625
2 0.6125 0.3875 0.03359375 0.0546875
2 0.39609375 0.53359375 0.209375 0.05
2 0.6390625 0.378125 0.053125 0.05
2 0.58671875 0.38671875 0.0328125 0.04921875
2 0.42265625 0.35390625 0.0640625 0.04765625
2 0.33828125 0.34765625 0.04609375 0.04375
2 0.453125 0.36015625 0.04140625 0.0390625
2 0.3875 0.36328125 0.04375 0.03671875