4 0.834375 0.4046875 0.31015625 0.0828125
0 0.34453125 0.8765625 0.1171875 0.08203125
0 0.06015625 0.32109375 0.11953125 0.078125
4 0.484375 0.60234375 0.24140625 0.0671875
0 0.32734375 0.35 0.1796875 0.0671875
4 0.81953125 0.5703125 0.2171875 0.0625
4 0.9515625 0.7140625 0.0953125 0.053125
0 0.415625 0.4015625 0.153125 0.05
0 0.06640625 0.4625 0.1328125 0.0484375
0 0.25078125 0.3875 0.1796875 0.0484375
0 0.0453125 0.421875 0.08984375 0.0453125
0 0.38671875 0.5453125 0.1828125 0.0453125
0 0.38828125 0.47109375 0.146875 0.04453125
0 0.46484375 0.43359375 0.1359375 0.04375
0 0.34921875 0.421875 0.1265625 0.03984375
0 0.1890625 0.4234375 0.1390625 0.0375
0 0.50390625 0.46015625 0.1265625 0.0375
0 0.146875 0.446875 0.0875 0.03203125