6 0.32578125 0.61796875 0.28046875 0.29375
0 0.928125 0.08515625 0.04140625 0.0859375
0 0.72578125 0.83359375 0.0296875 0.06328125
0 0.20703125 0.07265625 0.0296875 0.05390625
0 0.25 0.096875 0.028125 0.053125
0 0.978125 0.4109375 0.0109375 0.04296875
0 0.359375 0.034375 0.06875 0.04140625
0 0.32734375 0.3671875 0.01953125 0.03984375
0 0.9921875 0.08515625 0.015625 0.03828125
0 0.15234375 0.0859375 0.0359375 0.03359375
0 0.3421875 0.015625 0.059375 0.03125
0 0.2109375 0.13125 0.0171875 0.03203125
0 0.97578125 0.53046875 0.04375 0.02578125
0 0.42421875 0.21015625 0.05859375 0.025
0 0.84921875 0.2765625 0.05625 0.02265625
0 0.37734375 0.1796875 0.02578125 0.021875
0 0.36484375 0.14296875 0.02421875 0.021875
0 0.40625 0.11796875 0.05625 0.01875
0 0.55390625 0.42734375 0.03671875 0.0171875
0 0.12421875 0.16953125 0.0328125 0.01484375
0 0.525 0.27890625 0.015625 0.01484375