1 0.6984375 0.23203125 0.1171875 0.103125
1 0.5953125 0.7375 0.0796875 0.09921875
1 0.7578125 0.709375 0.1375 0.09765625
1 0.4859375 0.84765625 0.13671875 0.09140625
1 0.30078125 0.628125 0.12734375 0.06796875
1 0.7578125 0.534375 0.11171875 0.0671875
1 0.35859375 0.821875 0.1125 0.0640625
1 0.58125 0.4875 0.128125 0.0640625
1 0.62421875 0.45546875 0.13046875 0.0640625
1 0.6640625 0.53359375 0.10859375 0.06328125
1 0.83671875 0.5109375 0.11484375 0.06171875
1 0.74140625 0.8375 0.125 0.0609375
1 0.9484375 0.86640625 0.103125 0.0578125
1 0.43125 0.44296875 0.14921875 0.05703125
1 0.95703125 0.5390625 0.08515625 0.053125