0 0.43359375 0.259375 0.1078125 0.1875
0 0.73125 0.321875 0.171875 0.17421875
0 0.45703125 0.89609375 0.1078125 0.17109375
0 0.040625 0.1546875 0.0703125 0.1578125
0 0.409375 0.45625 0.07109375 0.1375
0 0.66328125 0.90546875 0.1 0.1046875
0 0.35703125 0.87265625 0.16171875 0.10234375
0 0.1359375 0.9484375 0.0828125 0.10234375
0 0.1890625 0.93046875 0.06328125 0.10234375
0 0.0546875 0.7171875 0.0421875 0.09296875
0 0.3265625 0.42421875 0.046875 0.0828125
0 0.06796875 0.39921875 0.046875 0.06484375
0 0.0671875 0.028125 0.04921875 0.05625