0 0.85703125 0.11484375 0.228125 0.22734375
0 0.28984375 0.0765625 0.2765625 0.153125
0 0.4796875 0.0640625 0.09921875 0.128125
4 0.63046875 0.52578125 0.153125 0.115625
0 0.44296875 0.27890625 0.08984375 0.10078125
4 0.1484375 0.52578125 0.1125 0.084375
4 0.515625 0.65703125 0.128125 0.0828125
0 0.115625 0.459375 0.08515625 0.0765625
0 0.2875 0.3921875 0.05859375 0.075
0 0.228125 0.44375 0.08359375 0.0671875
0 0.68359375 0.365625 0.159375 0.065625
0 0.025 0.58203125 0.04921875 0.065625
0 0.33828125 0.32109375 0.1296875 0.065625
0 0.32421875 0.44921875 0.059375 0.065625
0 0.2203125 0.384375 0.1265625 0.05234375
0 0.021875 0.61953125 0.04375 0.05
0 0.06875 0.4171875 0.1375 0.05
0 0.546875 0.278125 0.0953125 0.0484375
0 0.05625 0.45390625 0.1125 0.04921875
0 0.5078125 0.3125 0.0796875 0.0484375
0 0.31953125 0.38515625 0.0640625 0.04296875
0 0.5625 0.37109375 0.11953125 0.07890625