4 0.9015625 0.41484375 0.196875 0.0859375
0 0.0859375 0.33984375 0.17109375 0.08203125
4 0.8453125 0.59765625 0.259375 0.0765625
0 0.1796875 0.88359375 0.07890625 0.0734375
4 0.16015625 0.609375 0.18671875 0.071875
0 0.28359375 0.38984375 0.1703125 0.0515625
0 0.3515625 0.3703125 0.18046875 0.05078125
0 0.4890625 0.490625 0.10859375 0.04609375
0 0.33828125 0.55078125 0.178125 0.0453125
0 0.0625 0.4625 0.125 0.0453125
0 0.421875 0.42421875 0.15 0.04375
0 0.3953125 0.4828125 0.134375 0.04296875
0 0.2453125 0.43359375 0.128125 0.03671875
0 0.175 0.45390625 0.11015625 0.0359375
0 0.484375 0.44375 0.0796875 0.03515625
0 0.015625 0.41328125 0.03125 0.03125
4 0.68671875 0.690625 0.2859375 0.10859375