2 0.5171875 0.6578125 0.3 0.19921875
2 0.53359375 0.4609375 0.04921875 0.0890625
2 0.63046875 0.4609375 0.03984375 0.08515625
2 0.37734375 0.51171875 0.04375 0.06875
2 0.815625 0.428125 0.0375 0.06875
2 0.59375 0.46875 0.03125 0.06171875
2 0.475 0.484375 0.0359375 0.0609375
2 0.46015625 0.48125 0.0234375 0.053125
2 0.74609375 0.45 0.02421875 0.05234375
2 0.7375 0.440625 0.02421875 0.0484375
2 0.67890625 0.4703125 0.01328125 0.0375
2 0.70234375 0.46953125 0.02421875 0.03046875
2 0.8296875 0.3921875 0.025 0.04921875