0 0.3453125 0.1515625 0.04921875 0.1515625
0 0.31796875 0.66875 0.040625 0.12578125
0 0.309375 0.18203125 0.059375 0.125
0 0.21875 0.55859375 0.03359375 0.1234375
0 0.21640625 0.64453125 0.075 0.11328125
0 0.18671875 0.58125 0.0390625 0.10234375
0 0.24921875 0.528125 0.046875 0.10078125
0 0.05546875 0.63203125 0.0328125 0.09921875
0 0.5328125 0.43359375 0.0359375 0.0953125
0 0.134375 0.63828125 0.03671875 0.09453125
0 0.33515625 0.4875 0.07734375 0.08984375
0 0.3234375 0.34921875 0.04453125 0.08828125
0 0.15546875 0.74609375 0.04375 0.08671875
0 0.11640625 0.8625 0.040625 0.08671875
0 0.36640625 0.39609375 0.03828125 0.08671875
0 0.2859375 0.90234375 0.0359375 0.084375
0 0.10625 0.75859375 0.02734375 0.084375
0 0.134375 0.69140625 0.03359375 0.084375
0 0.2984375 0.603125 0.0265625 0.0828125
0 0.1578125 0.6859375 0.02578125 0.07578125
0 0.265625 0.3703125 0.065625 0.06484375
0 0.3703125 0.2890625 0.0484375 0.0625
0 0.18359375 0.9484375 0.03046875 0.0609375
0 0.25234375 0.2125 0.02265625 0.05859375
0 0.209375 0.90390625 0.04140625 0.05390625
0 0.40078125 0.12890625 0.03203125 0.05390625
0 0.07421875 0.97421875 0.02265625 0.05078125
0 0.0875 0.090625 0.021875 0.04375