0 0.2734375 0.509375 0.33984375 0.146875
0 0.87578125 0.640625 0.24765625 0.12578125
0 0.65625 0.3109375 0.203125 0.11015625
0 0.1640625 0.33046875 0.328125 0.109375
0 0.53984375 0.44375 0.2859375 0.1046875
0 0.45390625 0.2125 0.35625 0.1
0 0.51484375 0.28984375 0.259375 0.09921875
0 0.24375 0.7953125 0.2640625 0.09765625
0 0.70234375 0.0921875 0.34921875 0.096875
0 0.43359375 0.778125 0.321875 0.09296875
0 0.86875 0.16875 0.26171875 0.0921875
0 0.85625 0.83984375 0.28671875 0.0875
0 0.85 0.49375 0.2984375 0.08515625
0 0.15234375 0.67890625 0.29609375 0.08203125
0 0.734375 0.69140625 0.24765625 0.07734375
0 0.9 0.39140625 0.2 0.0765625
0 0.0484375 0.92734375 0.096875 0.0765625
0 0.4359375 0.80078125 0.290625 0.0734375
0 0.565625 0.7734375 0.19609375 0.07265625
0 0.04453125 0.490625 0.08828125 0.071875
0 0.853125 0.909375 0.29296875 0.0703125
0 0.78046875 0.4140625 0.0796875 0.06875
0 0.03984375 0.05703125 0.0796875 0.06875
0 0.55859375 0.853125 0.2765625 0.06796875
0 0.4453125 0.5453125 0.1359375 0.0671875
0 0.234375 0.26953125 0.19609375 0.0671875
0 0.0796875 0.85078125 0.15859375 0.0640625
0 0.38828125 0.64765625 0.22421875 0.0625
0 0.7046875 0.6203125 0.1328125 0.05703125
0 0.43515625 0.721875 0.275 0.05078125
0 0.90703125 0.60703125 0.18515625 0.05
0 0.3359375 0.97734375 0.26875 0.0453125
0 0.6875 0.97734375 0.265625 0.0453125
0 0.01328125 0.13046875 0.0265625 0.05