2 0.553125 0.559375 0.115625 0.09765625
2 0.8140625 0.475 0.0640625 0.08828125
2 0.4203125 0.52109375 0.06953125 0.08359375
2 0.6359375 0.51171875 0.0328125 0.06796875
2 0.740625 0.47109375 0.0609375 0.06171875
2 0.68203125 0.4859375 0.04140625 0.05234375
2 0.0578125 0.54296875 0.07734375 0.0421875
2 0.26171875 0.54296875 0.03984375 0.0375
2 0.9203125 0.490625 0.02734375 0.034375
2 0.09765625 0.484375 0.0359375 0.03359375
2 0.96953125 0.49921875 0.0375 0.03125
2 0.97890625 0.44921875 0.02421875 0.025
2 0.1859375 0.5 0.01875 0.02265625