0 0.41640625 0.66953125 0.18984375 0.29296875
0 0.85078125 0.5796875 0.1765625 0.26953125
0 0.2296875 0.5515625 0.1046875 0.2484375
0 0.52734375 0.3 0.13515625 0.2078125
0 0.50390625 0.403125 0.075 0.15
0 0.4125 0.50390625 0.10703125 0.0890625
0 0.6953125 0.70859375 0.1609375 0.08515625
0 0.578125 0.79375 0.23203125 0.08125
0 0.175 0.81875 0.0546875 0.07890625
0 0.24140625 0.8234375 0.06953125 0.07421875
0 0.39375 0.88671875 0.146875 0.07265625
0 0.24609375 0.7546875 0.071875 0.06953125
0 0.2421875 0.965625 0.09140625 0.06875
0 0.0609375 0.89453125 0.12109375 0.0671875
0 0.09765625 0.95078125 0.05390625 0.0609375
0 0.1546875 0.88984375 0.0921875 0.05390625