0 0.390625 0.8515625 0.075 0.0890625
0 0.353125 0.7875 0.06015625 0.0921875
0 0.33359375 0.75390625 0.05390625 0.09609375
0 0.28984375 0.7171875 0.03046875 0.07890625
0 0.46171875 0.7421875 0.06796875 0.1
0 0.490625 0.66875 0.059375 0.0859375
0 0.4171875 0.6796875 0.06875 0.08984375
0 0.3875 0.7203125 0.04609375 0.04921875
0 0.4890625 0.540625 0.07265625 0.1015625
0 0.55703125 0.39140625 0.0890625 0.134375
0 0.509375 0.42734375 0.0578125 0.0625
0 0.39296875 0.4671875 0.06796875 0.059375
0 0.4328125 0.37734375 0.053125 0.07734375
0 0.403125 0.334375 0.065625 0.08203125
0 0.5390625 0.190625 0.0609375 0.1
0 0.484375 0.09140625 0.0796875 0.1734375
0 0.440625 0.78046875 0.0578125 0.02421875
0 0.48671875 0.34921875 0.06796875 0.04921875
0 0.5046875 0.140625 0.04453125 0.0734375