6 0.44609375 0.70234375 0.1984375 0.090625
0 0.33984375 0.096875 0.0734375 0.07734375
4 0.378125 0.22421875 0.16953125 0.0546875
0 0.284375 0.21015625 0.06015625 0.05390625
4 0.7734375 0.31171875 0.05859375 0.0453125
0 0.04765625 0.109375 0.0953125 0.04375
4 0.246875 0.15234375 0.1734375 0.04140625
0 0.01328125 0.13125 0.02578125 0.040625
0 0.09765625 0.14453125 0.10078125 0.040625
4 0.70390625 0.34140625 0.0734375 0.040625
4 0.5578125 0.3453125 0.05625 0.03984375
6 0.8171875 0.5203125 0.115625 0.03828125
4 0.50859375 0.478125 0.1921875 0.03515625
0 0.14765625 0.2 0.0921875 0.03515625
0 0.64375 0.18984375 0.09921875 0.03203125
0 0.50859375 0.21171875 0.0859375 0.0296875
0 0.33515625 0.21171875 0.06640625 0.02734375
0 0.24609375 0.18515625 0.0875 0.0265625
0 0.565625 0.26171875 0.07890625 0.0265625
4 0.33828125 0.428125 0.1015625 0.025
0 0.68828125 0.24453125 0.08515625 0.025
0 0.72890625 0.1953125 0.08671875 0.025
0 0.7765625 0.21640625 0.096875 0.025
0 0.521875 0.24140625 0.0796875 0.02421875
0 0.37421875 0.18828125 0.06875 0.02265625
0 0.59765625 0.23828125 0.05859375 0.021875
0 0.8375 0.209375 0.0703125 0.021875
0 0.61015625 0.22890625 0.06015625 0.021875
0 0.771875 0.2359375 0.08125 0.02109375
0 0.640625 0.2140625 0.06875 0.0203125
0 0.87421875 0.3484375 0.0328125 0.01640625
0 0.83671875 0.34296875 0.01171875 0.01171875
0 0.91484375 0.3484375 0.01015625 0.0109375