0 0.9390625 0.65703125 0.11875 0.14765625
0 0.9578125 0.49453125 0.084375 0.165625
0 0.8078125 0.328125 0.053125 0.12890625
0 0.68125 0.48125 0.1171875 0.1078125
0 0.74375 0.54921875 0.1734375 0.125
0 0.48203125 0.45859375 0.1234375 0.13046875
0 0.54765625 0.22421875 0.1171875 0.134375
0 0.58046875 0.1953125 0.06171875 0.05625
0 0.3203125 0.153125 0.11328125 0.059375
0 0.31796875 0.51171875 0.11328125 0.14375
0 0.0921875 0.38515625 0.0734375 0.090625
0 0.1171875 0.27421875 0.06484375 0.09609375
0 0.08671875 0.20625 0.0578125 0.07265625
0 0.72890625 0.153125 0.09140625 0.0484375
0 0.06875 0.03203125 0.06328125 0.0390625