1 0.1125 0.159375 0.15703125 0.12265625
1 0.14140625 0.7046875 0.14140625 0.11640625
1 0.803125 0.47890625 0.1390625 0.103125
1 0.0796875 0.4203125 0.14296875 0.0921875
1 0.428125 0.70234375 0.16328125 0.08671875
1 0.2671875 0.85859375 0.0875 0.08671875
1 0.11796875 0.49453125 0.13828125 0.08125
1 0.41875 0.53125 0.11875 0.08046875
1 0.921875 0.284375 0.14921875 0.0796875
1 0.4609375 0.8671875 0.134375 0.071875
1 0.60078125 0.92890625 0.10859375 0.0671875
1 0.14453125 0.915625 0.14453125 0.06640625
1 0.51875 0.5296875 0.13984375 0.06171875
1 0.3171875 0.55546875 0.13125 0.0515625
1 0.62890625 0.540625 0.11640625 0.0453125