4 0.54296875 0.13125 0.2921875 0.1140625
4 0.0875 0.096875 0.1578125 0.084375
6 0.71796875 0.45625 0.21875 0.08046875
0 0.728125 0.03671875 0.2921875 0.0734375
6 0.3546875 0.5984375 0.1625 0.06015625
0 0.7421875 0.3421875 0.1453125 0.05
0 0.18828125 0.02265625 0.1078125 0.0453125
0 0.3140625 0.0296875 0.08046875 0.0453125
0 0.47734375 0.43125 0.2015625 0.04375
0 0.14921875 0.31640625 0.15 0.0421875
0 0.478125 0.0453125 0.0765625 0.03984375
0 0.396875 0.08125 0.0875 0.0390625
0 0.79140625 0.10703125 0.1109375 0.0375
0 0.96171875 0.22734375 0.05234375 0.0359375
4 0.7953125 0.1703125 0.0734375 0.034375
0 0.88984375 0.1078125 0.09140625 0.03359375
0 0.965625 0.10546875 0.06796875 0.0328125
0 0.56796875 0.2015625 0.0359375 0.03203125
0 0.928125 0.1359375 0.10234375 0.03125
0 0.56015625 0.05390625 0.04921875 0.03125
4 0.340625 0.35546875 0.14375 0.028125
0 0.84296875 0.140625 0.08125 0.028125
0 0.73046875 0.146875 0.0671875 0.02734375
0 0.06875 0.01328125 0.0875 0.0265625
6 0.178125 0.41484375 0.115625 0.025
6 0.5640625 0.3578125 0.078125 0.0203125
0 0.8921875 0.22734375 0.04921875 0.01953125
0 0.98828125 0.2359375 0.02265625 0.01875