0 0.84375 0.23515625 0.02734375 0.07578125
0 0.31875 0.8015625 0.07890625 0.07421875
0 0.31796875 0.26328125 0.0578125 0.07265625
0 0.05390625 0.56796875 0.02578125 0.05859375
0 0.35078125 0.3671875 0.05078125 0.05
0 0.521875 0.30234375 0.0234375 0.04609375
0 0.71875 0.33671875 0.01171875 0.04609375
0 0.2859375 0.1859375 0.01640625 0.04375
0 0.7625 0.21484375 0.01796875 0.04375
0 0.68203125 0.13828125 0.01875 0.0390625
0 0.640625 0.0171875 0.02578125 0.034375
0 0.7765625 0.28046875 0.02890625 0.03046875
0 0.46171875 0.175 0.046875 0.02421875
0 0.78125 0.49375 0.04140625 0.0234375
0 0.48515625 0.2578125 0.04375 0.021875
0 0.725 0.4109375 0.03828125 0.021875
0 0.10234375 0.19140625 0.02734375 0.02109375
0 0.08359375 0.15390625 0.01640625 0.0109375
6 0.3875 0.61875 0.3109375 0.45859375