4 0.50078125 0.46796875 0.15078125 0.14921875
0 0.27734375 0.0609375 0.4234375 0.121875
0 0.1015625 0.2046875 0.115625 0.08515625
4 0.18203125 0.475 0.0921875 0.053125
0 0.29921875 0.70859375 0.0828125 0.05078125
0 0.12734375 0.4140625 0.02578125 0.0421875
0 0.06796875 0.54140625 0.0453125 0.040625
4 0.36953125 0.60234375 0.0859375 0.03984375
0 0.5609375 0.2703125 0.04921875 0.0375
4 0.51640625 0.68359375 0.053125 0.03671875
0 0.0640625 0.4453125 0.07578125 0.034375
6 0.06484375 0.77265625 0.11328125 0.034375
0 0.6 0.575 0.0859375 0.03046875
0 0.23125 0.428125 0.090625 0.0296875
0 0.34375 0.4125 0.08828125 0.0296875
0 0.61875 0.43671875 0.08671875 0.0296875
0 0.53125 0.525 0.06328125 0.028125
0 0.66640625 0.4671875 0.0875 0.028125
0 0.40625 0.446875 0.0875 0.0265625
0 0.2875 0.4765625 0.084375 0.02578125
0 0.196875 0.415625 0.084375 0.025
0 0.28515625 0.459375 0.046875 0.025
0 0.67421875 0.4359375 0.08125 0.025
0 0.465625 0.4296875 0.06796875 0.02421875
0 0.69921875 0.53515625 0.0296875 0.02421875
0 0.69921875 0.55078125 0.0140625 0.0140625
0 0.66015625 0.55546875 0.028125 0.0109375
0 0.6796875 0.57890625 0.0140625 0.01015625
0 0.746875 0.5578125 0.021875 0.009375
0 0.66953125 0.565625 0.01484375 0.00859375