4 0.59375 0.6109375 0.1109375 0.38671875
0 0.64609375 0.6546875 0.03671875 0.05625
0 0.72265625 0.6984375 0.10625 0.06015625
0 0.33828125 0.51328125 0.03203125 0.0234375
0 0.3484375 0.32734375 0.02890625 0.0203125
0 0.1171875 0.42734375 0.0390625 0.0203125
0 0.12890625 0.7328125 0.021875 0.06484375
0 0.10078125 0.83046875 0.0203125 0.03359375
0 0.23828125 0.74765625 0.01875 0.01640625
0 0.29140625 0.65546875 0.00625 0.02265625
0 0.1375 0.65234375 0.03125 0.03671875
0 0.11171875 0.68046875 0.03359375 0.05078125
0 0.74765625 0.5546875 0.0296875 0.02578125
0 0.2703125 0.35625 0.0171875 0.0125