6 0.2984375 0.596875 0.178125 0.0734375
0 0.10546875 0.09765625 0.08984375 0.0609375
0 0.17734375 0.140625 0.08359375 0.05703125
0 0.275 0.16484375 0.07421875 0.0546875
0 0.13125 0.046875 0.1265625 0.05390625
0 0.0515625 0.1640625 0.103125 0.05390625
0 0.0296875 0.0796875 0.05859375 0.0515625
6 0.79765625 0.51328125 0.1640625 0.04921875
0 0.43515625 0.2203125 0.09453125 0.04765625
0 0.23515625 0.084375 0.0875 0.04765625
4 0.07421875 0.22734375 0.1484375 0.0484375
0 0.825 0.16796875 0.1 0.04453125
0 0.3265625 0.13046875 0.0546875 0.04375
0 0.2640625 0.11640625 0.06875 0.0390625
0 0.6375 0.3234375 0.08984375 0.0390625
0 0.5109375 0.165625 0.07890625 0.03828125
0 0.3546875 0.18125 0.05625 0.0359375
0 0.75390625 0.26484375 0.084375 0.034375
0 0.7265625 0.1875 0.05859375 0.034375
0 0.5390625 0.24375 0.0765625 0.0328125
0 0.66015625 0.19296875 0.065625 0.03203125
0 0.43125 0.16640625 0.053125 0.03046875
0 0.10703125 0.01484375 0.11640625 0.0296875
0 0.8078125 0.24140625 0.05859375 0.02890625
0 0.859375 0.2171875 0.0671875 0.028125
0 0.5171875 0.21171875 0.06484375 0.02578125
0 0.4109375 0.13828125 0.0609375 0.025
0 0.640625 0.16171875 0.07734375 0.02265625
0 0.85234375 0.28359375 0.05625 0.021875