4 0.09453125 0.428125 0.1515625 0.1203125
0 0.60546875 0.0484375 0.0671875 0.096875
0 0.06484375 0.06875 0.1296875 0.08984375
4 0.07421875 0.1484375 0.1484375 0.06875
4 0.11875 0.25390625 0.1640625 0.065625
0 0.0796875 0.028125 0.159375 0.05625
0 0.221875 0.17578125 0.08359375 0.05
0 0.44609375 0.61015625 0.16328125 0.0453125
4 0.93828125 0.46796875 0.1234375 0.0453125
0 0.51953125 0.3078125 0.0921875 0.03984375
0 0.6484375 0.23984375 0.059375 0.03984375
0 0.3375 0.2125 0.0953125 0.0375
0 0.3234375 0.25546875 0.08046875 0.03359375
0 0.74609375 0.26640625 0.06328125 0.03359375
0 0.57265625 0.2859375 0.0953125 0.0328125
0 0.8734375 0.2375 0.07265625 0.0328125
0 0.9140625 0.296875 0.0640625 0.03203125
0 0.42421875 0.25390625 0.09296875 0.03203125
6 0.61640625 0.57265625 0.0796875 0.03125
0 0.7328125 0.2625 0.0625 0.03046875
0 0.7796875 0.271875 0.0578125 0.02890625
0 0.65625 0.53828125 0.0921875 0.028125
0 0.7484375 0.303125 0.06640625 0.02734375
0 0.56484375 0.5328125 0.0625 0.02578125
0 0.96953125 0.2671875 0.06015625 0.025
0 0.853125 0.28671875 0.05546875 0.0234375
0 0.86796875 0.2640625 0.065625 0.021875
0 0.73203125 0.040625 0.14609375 0.08125