4 0.690625 0.5890625 0.6171875 0.46875
0 0.73671875 0.32734375 0.15546875 0.09296875
0 0.3171875 0.87109375 0.23984375 0.07578125
0 0.87421875 0.9140625 0.21015625 0.06796875
4 0.56875 0.66171875 0.13671875 0.06171875
0 0.25234375 0.46796875 0.20703125 0.059375
0 0.94296875 0.378125 0.1078125 0.0578125
0 0.4171875 0.5796875 0.0546875 0.04375
4 0.534375 0.7296875 0.1390625 0.04375
0 0.0953125 0.6859375 0.11328125 0.03828125
0 0.140625 0.4984375 0.04453125 0.034375
0 0.38515625 0.56875 0.09921875 0.034375
0 0.21796875 0.5875 0.1171875 0.03203125
0 0.17578125 0.5625 0.1140625 0.03203125
0 0.29296875 0.53671875 0.09921875 0.03203125
0 0.484375 0.56328125 0.0765625 0.0296875
0 0.26015625 0.534375 0.06875 0.028125
0 0.38671875 0.521875 0.06875 0.028125
0 0.078125 0.546875 0.0515625 0.0265625
0 0.5265625 0.54375 0.10703125 0.025
0 0.125 0.54453125 0.05703125 0.02421875
0 0.2515625 0.50625 0.04296875 0.02421875
0 0.41171875 0.50546875 0.06015625 0.021875