2 0.54296875 0.49765625 0.2125 0.1125
2 0.059375 0.3078125 0.11875 0.11171875
2 0.85703125 0.26328125 0.10234375 0.0875
2 0.2265625 0.22890625 0.0765625 0.059375
2 0.6171875 0.203125 0.034375 0.05234375
2 0.3890625 0.2296875 0.05625 0.05
2 0.5984375 0.21640625 0.04296875 0.0453125
2 0.553125 0.22734375 0.04296875 0.040625
2 0.46875 0.23125 0.06640625 0.040625
2 0.69140625 0.221875 0.01953125 0.0359375
2 0.321875 0.2328125 0.0546875 0.0359375
2 0.75234375 0.2125 0.025 0.03046875
2 0.7203125 0.2125 0.02890625 0.0296875
2 0.92265625 0.21328125 0.021875 0.0265625
2 0.78671875 0.225 0.03359375 0.02578125
2 0.9859375 0.22890625 0.025 0.02109375