4 0.71171875 0.69609375 0.20703125 0.20625
4 0.4265625 0.31328125 0.0765625 0.11796875
0 0.52265625 0.39765625 0.02421875 0.06640625
0 0.540625 0.4203125 0.025 0.05859375
0 0.5578125 0.3734375 0.034375 0.05546875
0 0.5796875 0.44375 0.04375 0.053125
0 0.28046875 0.18671875 0.02421875 0.04921875
0 0.58046875 0.49140625 0.06640625 0.04765625
0 0.57421875 0.340625 0.0453125 0.04453125
0 0.5109375 0.284375 0.02265625 0.04375
0 0.64375 0.41640625 0.02421875 0.040625
0 0.79453125 0.3796875 0.0390625 0.0390625
0 0.56484375 0.240625 0.0140625 0.025
0 0.64921875 0.4875 0.01484375 0.02109375
0 0.7203125 0.425 0.0109375 0.0203125
0 0.70078125 0.43203125 0.02265625 0.0125
0 0.41953125 0.47734375 0.07578125 0.04296875