0 0.34375 0.4265625 0.40703125 0.21171875
0 0.68671875 0.41796875 0.234375 0.2046875
4 0.58046875 0.6453125 0.2796875 0.12421875
0 0.27109375 0.34140625 0.1953125 0.12421875
0 0.06640625 0.821875 0.0984375 0.1171875
0 0.1984375 0.571875 0.08125 0.09296875
0 0.15390625 0.4484375 0.06484375 0.0921875
0 0.03828125 0.6421875 0.0765625 0.0765625
0 0.096875 0.6265625 0.10859375 0.06953125
0 0.09296875 0.753125 0.1859375 0.065625
0 0.1609375 0.68125 0.08671875 0.06171875
4 0.6109375 0.14921875 0.43515625 0.284375