0 0.5296875 0.22109375 0.084375 0.15703125
0 0.5875 0.22890625 0.06640625 0.153125
0 0.68515625 0.41171875 0.096875 0.14453125
0 0.4828125 0.07109375 0.09375 0.1421875
0 0.0265625 0.66015625 0.03984375 0.1328125
0 0.5921875 0.79453125 0.10625 0.13125
0 0.53515625 0.5078125 0.084375 0.125
0 0.815625 0.4 0.05703125 0.12421875
0 0.57421875 0.42265625 0.07109375 0.1234375
0 0.359375 0.7828125 0.04375 0.1203125
0 0.4734375 0.23671875 0.0578125 0.1203125
0 0.6546875 0.296875 0.06953125 0.1203125
0 0.61953125 0.37421875 0.090625 0.11875
0 0.2796875 0.65859375 0.0390625 0.11640625
0 0.4828125 0.440625 0.07578125 0.10390625
0 0.2671875 0.36171875 0.03828125 0.090625
0 0.228125 0.54921875 0.03046875 0.08984375
0 0.3203125 0.41640625 0.028125 0.08984375
0 0.33046875 0.61328125 0.0296875 0.0890625
0 0.1453125 0.5484375 0.02734375 0.0859375
0 0.58046875 0.540625 0.07421875 0.084375
0 0.60390625 0.6203125 0.05078125 0.08203125
0 0.32265625 0.30390625 0.0359375 0.07890625
0 0.33984375 0.69609375 0.02890625 0.07734375
0 0.165625 0.43671875 0.0296875 0.07578125
0 0.22109375 0.440625 0.02734375 0.06953125
0 0.44765625 0.16796875 0.04296875 0.065625
0 0.3546875 0.23984375 0.02421875 0.06328125
0 0.0546875 0.51015625 0.021875 0.06328125
0 0.303125 0.5265625 0.025 0.059375
0 0.3328125 0.53203125 0.03359375 0.059375
0 0.39140625 0.31640625 0.04453125 0.04921875
0 0.46640625 0.70546875 0.0203125 0.046875
0 0.4828125 0.87265625 0.02109375 0.0453125
0 0.41640625 0.8765625 0.02890625 0.0453125
0 0.4078125 0.25 0.03203125 0.04296875
0 0.2046875 0.1609375 0.01875 0.04296875
0 0.50859375 0.740625 0.01796875 0.04296875
0 0.196875 0.01953125 0.02265625 0.0390625
0 0.81171875 0.6234375 0.05234375 0.03828125
0 0.44765625 0.74296875 0.009375 0.03671875
0 0.421875 0.834375 0.0171875 0.03515625
0 0.4609375 0.7703125 0.01328125 0.03359375
0 0.26953125 0.19609375 0.0140625 0.03125
0 0.228125 0.17421875 0.0265625 0.02890625
0 0.2109375 0.11640625 0.028125 0.02890625
0 0.21875 0.2203125 0.01171875 0.02578125
0 0.43671875 0.746875 0.01171875 0.02578125
0 0.1796875 0.21953125 0.02109375 0.02578125
0 0.2640625 0.078125 0.0171875 0.0234375
0 0.29609375 0.14921875 0.01953125 0.02265625
0 0.3140625 0.1375 0.01328125 0.01875
0 0.94296875 0.78828125 0.00078125 0.0015625
6 0.35546875 0.53046875 0.06640625 0.31640625