2 0.01640625 0.48125 0.0328125 0.08671875
2 0.71171875 0.5234375 0.06015625 0.0765625
2 0.59140625 0.53203125 0.0671875 0.06953125
2 0.78828125 0.52890625 0.05859375 0.06953125
2 0.4703125 0.52421875 0.0578125 0.06171875
2 0.1953125 0.68984375 0.1671875 0.059375
2 0.2921875 0.50078125 0.0484375 0.05546875
2 0.15390625 0.5046875 0.0453125 0.05546875
2 0.25 0.51015625 0.05546875 0.0546875
2 0.88125 0.49921875 0.04921875 0.0546875
2 0.41875 0.52734375 0.0625 0.05390625
2 0.47109375 0.67578125 0.22109375 0.0421875
2 0.9453125 0.4796875 0.0484375 0.040625
2 0.109375 0.50390625 0.03984375 0.03828125
2 0.21640625 0.51328125 0.04375 0.0359375
2 0.18515625 0.509375 0.02265625 0.028125
2 0.05703125 0.51015625 0.03203125 0.0265625
2 0.3296875 0.521875 0.06015625 0.0203125
2 0.953125 0.4265625 0.0328125 0.0359375