4 0.56796875 0.62734375 0.65234375 0.23515625
4 0.5921875 0.36953125 0.675 0.20390625
0 0.73828125 0.83984375 0.2 0.09921875
0 0.7109375 0.6078125 0.1046875 0.06953125
0 0.19140625 0.209375 0.190625 0.06171875
4 0.4171875 0.47890625 0.11171875 0.06015625
0 0.04921875 0.221875 0.0984375 0.05625
0 0.5515625 0.27578125 0.17265625 0.05625
0 0.290625 0.21484375 0.103125 0.0515625
0 0.9515625 0.29296875 0.09609375 0.0515625
0 0.48125 0.2203125 0.1578125 0.0515625
0 0.59765625 0.21875 0.1109375 0.0484375
0 0.37578125 0.25625 0.18359375 0.0484375
0 0.6390625 0.26328125 0.11796875 0.0421875
0 0.040625 0.24765625 0.08125 0.04140625
0 0.44140625 0.1890625 0.14765625 0.040625
0 0.12890625 0.11953125 0.1296875 0.03984375
0 0.6703125 0.35 0.153125 0.03828125
0 0.3828125 0.334375 0.12109375 0.06953125