1 0.55625 0.8765625 0.190625 0.1140625
1 0.590625 0.34609375 0.1453125 0.08515625
1 0.70546875 0.9453125 0.14140625 0.0703125
1 0.84140625 0.3296875 0.11015625 0.06875
1 0.08359375 0.49609375 0.09453125 0.05703125
1 0.62890625 0.253125 0.103125 0.0515625
1 0.7 0.4671875 0.0984375 0.04765625
1 0.35703125 0.81953125 0.0796875 0.046875
1 0.0234375 0.65859375 0.046875 0.0453125
1 0.4390625 0.634375 0.065625 0.04140625
1 0.47421875 0.07421875 0.08671875 0.03984375
1 0.04296875 0.56640625 0.07421875 0.03203125
1 0.4125 0.2 0.06015625 0.03203125
1 0.04140625 0.6015625 0.065625 0.028125
1 0.16875 0.81875 0.04296875 0.01953125
1 0.10390625 0.671875 0.0484375 0.01796875
1 0.59609375 0.4171875 0.05859375 0.01796875
1 0.49140625 0.72578125 0.03359375 0.01640625