0 0.478125 0.51796875 0.48359375 0.33046875
0 0.39453125 0.1046875 0.209375 0.209375
0 0.871875 0.7171875 0.16796875 0.1859375
0 0.821875 0.56640625 0.134375 0.14375
0 0.92578125 0.540625 0.09296875 0.12421875
0 0.92109375 0.43671875 0.1578125 0.1125
0 0.94921875 0.7953125 0.10078125 0.0765625
0 0.78828125 0.915625 0.0703125 0.06328125
0 0.875 0.871875 0.0984375 0.06171875
0 0.284375 0.84765625 0.0765625 0.0515625
0 0.74375 0.7859375 0.07421875 0.0515625
0 0.67890625 0.77890625 0.05 0.0515625
0 0.484375 0.915625 0.1453125 0.05
0 0.4015625 0.8453125 0.0921875 0.0453125
0 0.63828125 0.8609375 0.07890625 0.04453125
0 0.1578125 0.90625 0.115625 0.04375
0 0.0359375 0.925 0.071875 0.0421875
0 0.55078125 0.81875 0.0953125 0.0421875
0 0.76875 0.74375 0.04921875 0.040625
0 0.5140625 0.86875 0.071875 0.0390625
0 0.2046875 0.86328125 0.084375 0.0375
0 0.603125 0.80078125 0.07578125 0.03046875
0 0.696875 0.8515625 0.0453125 0.08515625