0 0.478125 0.30234375 0.553125 0.3921875
0 0.5609375 0.134375 0.3984375 0.25703125
4 0.4015625 0.6 0.34921875 0.184375
4 0.790625 0.9109375 0.41875 0.178125
0 0.775 0.49453125 0.275 0.1609375
0 0.08828125 0.3546875 0.1765625 0.128125
0 0.934375 0.36796875 0.13125 0.12421875
0 0.80625 0.40546875 0.1 0.1109375
0 0.91640625 0.4328125 0.165625 0.10078125
0 0.57734375 0.4234375 0.22421875 0.0875
0 0.925 0.528125 0.1484375 0.08515625
0 0.58515625 0.47421875 0.12109375 0.06328125
0 0.5046875 0.746875 0.171875 0.06171875
4 0.3421875 0.728125 0.08203125 0.05625
0 0.68046875 0.59921875 0.1640625 0.05234375
0 0.13359375 0.58046875 0.12109375 0.04765625
0 0.34765625 0.5640625 0.0796875 0.03828125
0 0.0390625 0.565625 0.07734375 0.0390625
0 0.290625 0.571875 0.065625 0.03125
0 0.22578125 0.57265625 0.06015625 0.02890625
4 0.859375 0.1546875 0.278125 0.309375