0 0.575 0.3875 0.85 0.57734375
0 0.44609375 0.48046875 0.66328125 0.38984375
0 0.60859375 0.7375 0.1609375 0.175
0 0.86171875 0.3765625 0.275 0.14453125
0 0.04453125 0.65703125 0.075 0.1140625
4 0.5078125 0.81640625 0.1296875 0.096875
0 0.10234375 0.77421875 0.05546875 0.09609375
0 0.42265625 0.66171875 0.0515625 0.09375
0 0.971875 0.31640625 0.05625 0.0890625
0 0.42109375 0.703125 0.0953125 0.0796875
0 0.18203125 0.77421875 0.09140625 0.0609375
0 0.1890625 0.728125 0.0859375 0.06015625
0 0.6484375 0.64140625 0.1265625 0.0484375
0 0.0125 0.76015625 0.025 0.04453125
0 0.79296875 0.19140625 0.41328125 0.21953125