4 0.1375 0.70546875 0.06796875 0.25859375
0 0.64296875 0.7578125 0.0390625 0.23671875
0 0.67890625 0.1921875 0.1375 0.10390625
0 0.8046875 0.5984375 0.0125 0.10390625
0 0.85625 0.06796875 0.128125 0.07578125
0 0.86171875 0.61484375 0.04296875 0.059375
0 0.625 0.92734375 0.02421875 0.059375
0 0.89765625 0.69921875 0.0484375 0.059375
0 0.59296875 0.19765625 0.04140625 0.04296875
0 0.52265625 0.784375 0.040625 0.03984375
0 0.4734375 0.5453125 0.0375 0.0328125
0 0.50546875 0.521875 0.028125 0.02890625