0 0.2484375 0.23203125 0.03125 0.07265625
0 0.21796875 0.1828125 0.025 0.0515625
0 0.60859375 0.5265625 0.0234375 0.05
0 0.78203125 0.51015625 0.03828125 0.07265625
0 0.8234375 0.64765625 0.034375 0.07265625
0 0.88984375 0.36796875 0.02890625 0.034375
0 0.98515625 0.46328125 0.02890625 0.18984375
0 0.265625 0.8828125 0.04296875 0.16171875
0 0.2046875 0.95546875 0.02890625 0.0796875
0 0.3125 0.140625 0.02109375 0.06640625
0 0.34921875 0.1359375 0.0203125 0.06015625
0 0.5203125 0.54921875 0.02578125 0.0578125
0 0.3 0.4421875 0.021875 0.0703125
0 0.30546875 0.0546875 0.02421875 0.0484375
0 0.21015625 0.40546875 0.01875 0.0640625
0 0.21171875 0.3546875 0.03125 0.025
0 0.2359375 0.48359375 0.0171875 0.04609375
0 0.2734375 0.52578125 0.02109375 0.0578125
0 0.19921875 0.50625 0.0234375 0.05390625