1 0.64921875 0.5640625 0.29453125 0.14296875
1 0.109375 0.8296875 0.21875 0.128125
1 0.015625 0.23515625 0.03125 0.1234375
1 0.86328125 0.56015625 0.259375 0.10546875
1 0.17265625 0.57734375 0.28671875 0.103125
1 0.075 0.74296875 0.15 0.103125
1 0.60859375 0.79609375 0.1734375 0.08984375
1 0.02734375 0.54375 0.05390625 0.0859375
1 0.4203125 0.8109375 0.15 0.059375
1 0.33046875 0.6625 0.1390625 0.0515625
1 0.49140625 0.79140625 0.115625 0.04921875
1 0.38125 0.78515625 0.0875 0.04765625
1 0.06328125 0.96015625 0.1265625 0.0796875