4 0.25 0.05546875 0.309375 0.10625
4 0.0609375 0.14375 0.11875 0.10625
4 0.2390625 0.3953125 0.17109375 0.0796875
4 0.540625 0.2625 0.1234375 0.07578125
4 0.83046875 0.359375 0.253125 0.06875
0 0.225 0.084375 0.1265625 0.0515625
0 0.58203125 0.10703125 0.096875 0.0484375
0 0.87578125 0.11796875 0.078125 0.04296875
0 0.4125 0.2015625 0.1171875 0.040625
0 0.725 0.159375 0.090625 0.0390625
0 0.959375 0.246875 0.08125 0.0390625
0 0.28125 0.14375 0.1390625 0.0375
0 0.4359375 0.18515625 0.115625 0.03671875
0 0.68359375 0.1875 0.10078125 0.0359375
0 0.6578125 0.15546875 0.11953125 0.0359375
0 0.85546875 0.18046875 0.0921875 0.0359375
0 0.2625 0.1515625 0.11953125 0.0359375
0 0.77109375 0.1703125 0.06484375 0.034375
0 0.659375 0.1421875 0.08828125 0.0328125
6 0.54375 0.49765625 0.09375 0.0328125
0 0.93671875 0.15234375 0.084375 0.03203125
0 0.7125 0.44609375 0.0875 0.03125
0 0.59453125 0.1359375 0.08125 0.03125
0 0.8171875 0.1390625 0.0875 0.03046875
0 0.80390625 0.4375 0.07265625 0.02421875