2 0.7171875 0.6171875 0.0765625 0.08125
2 0.290625 0.55625 0.04296875 0.05625
2 0.146875 0.56015625 0.04453125 0.05390625
2 0.18828125 0.5609375 0.0296875 0.0484375
2 0.06640625 0.5640625 0.07734375 0.04765625
2 0.221875 0.5609375 0.025 0.046875
2 0.3984375 0.5234375 0.05859375 0.0453125
2 0.615625 0.4828125 0.0421875 0.04375
2 0.09375 0.546875 0.05 0.040625
2 0.3375 0.5265625 0.0296875 0.0375
2 0.0484375 0.53046875 0.0375 0.0359375
2 0.728125 0.4796875 0.040625 0.03046875
2 0.24765625 0.56953125 0.05 0.02890625
2 0.52734375 0.54765625 0.03984375 0.02421875
2 0.01328125 0.553125 0.0265625 0.01875
2 0.7875 0.7453125 0.2796875 0.07421875